61217.781366	 401199895.890	   1.000	7158
61217.781368	 401199886.951	   1.000	7158
61217.781370	 401199878.684	   1.000	7158
61217.781371	 401199871.073	   1.000	7158
61217.781373	 401199864.101	   1.000	7158
61217.781375	 401199857.752	   1.000	7158
61217.781377	 401199852.011	   1.000	7158
61217.781379	 401199846.861	   1.000	7158
61217.781381	 401199842.287	   1.000	7158
61217.781383	 401199838.272	   1.000	7158
61217.781385	 401199834.800	   1.000	7158
61217.781387	 401199831.855	   1.000	7158
61217.781389	 401199829.421	   1.000	7158
61217.781391	 401199827.483	   1.000	7158
61217.781392	 401199826.023	   1.000	7158
61217.781394	 401199825.026	   1.000	7158
61217.781396	 401199824.477	   1.000	7158
61217.781398	 401199824.358	   1.000	7158
61217.781400	 401199824.654	   1.000	7158
61217.781402	 401199825.348	   1.000	7158
61217.781404	 401199826.426	   1.000	7158
61217.781406	 401199827.870	   1.000	7158
61217.781408	 401199829.665	   1.000	7158
61217.781410	 401199831.794	   1.000	7158
61217.781412	 401199834.241	   1.000	7158
61217.781413	 401199836.992	   1.000	7158
61217.781415	 401199842.976	   1.000	7158
61217.781417	 401199850.173	   1.000	7158
61217.781419	 401199853.899	   1.000	7158
61217.781421	 401199859.540	   1.000	7158
61217.781423	 401199857.613	   1.000	7158
61217.781425	 401199856.008	   1.000	7158
61217.781427	 401199859.869	   1.000	7158
61217.781429	 401199861.453	   1.000	7158
61217.781431	 401199870.542	   1.000	7158
61217.781433	 401199876.517	   1.000	7158
61217.781435	 401199884.059	   1.000	7158
61217.781436	 401199891.276	   1.000	7158
61217.781438	 401199899.485	   1.000	7158
61217.781440	 401199903.768	   1.000	7158
61217.781442	 401199905.370	   1.000	7158
61217.781444	 401199906.853	   1.000	7158
61217.781446	 401199910.778	   1.000	7158
61217.781448	 401199916.067	   1.000	7158
61217.781450	 401199923.529	   1.000	7158
61217.781452	 401199928.451	   1.000	7158
61217.781454	 401199923.958	   1.000	7158
61217.781456	 401199919.925	   1.000	7158
61217.781457	 401199915.384	   1.000	7158
61217.781459	 401199919.491	   1.000	7158
61217.781461	 401199921.246	   1.000	7158
61217.781463	 401199925.088	   1.000	7158
61217.781465	 401199927.105	   1.000	7158
61217.781467	 401199930.927	   1.000	7158
61217.781469	 401199932.258	   1.000	7158
61217.781471	 401199934.245	   1.000	7158
61217.781473	 401199940.309	   1.000	7158
61217.781475	 401199944.891	   1.000	7158
61217.781477	 401199947.976	   1.000	7158
61217.781478	 401199951.444	   1.000	7158
61217.781480	 401199957.701	   1.000	7158
61217.781482	 401199959.353	   1.000	7158
61217.781484	 401199963.420	   1.000	7158
61217.781486	 401199967.750	   1.000	7158
61217.781488	 401199971.607	   1.000	7158
61217.781490	 401199966.844	   1.000	7158
61217.781492	 401199962.292	   1.000	7158
61217.781494	 401199956.032	   1.000	7158
61217.781496	 401199953.473	   1.000	7158
61217.781498	 401199955.046	   1.000	7158
61217.781499	 401199953.271	   1.000	7158
61217.781501	 401199948.745	   1.000	7158
61217.781503	 401199950.664	   1.000	7158
61217.781505	 401199952.174	   1.000	7158
61217.781507	 401199948.026	   1.000	7158
61217.781509	 401199947.647	   1.000	7158
61217.781511	 401199951.242	   1.000	7158
61217.781513	 401199952.108	   1.000	7158
61217.781515	 401199947.698	   1.000	7158
61217.781517	 401199942.125	   1.000	7158
61217.781519	 401199934.222	   1.000	7158
61217.781520	 401199927.281	   1.000	7158
61217.781522	 401199923.899	   1.000	7158
61217.781524	 401199920.406	   1.000	7158
61217.781526	 401199919.642	   1.000	7158
61217.781528	 401199914.984	   1.000	7158
61217.781530	 401199910.997	   1.000	7158
61217.781532	 401199907.432	   1.000	7158
61217.781534	 401199904.294	   1.000	7158
61217.781536	 401199900.303	   1.000	7158
61217.781538	 401199896.517	   1.000	7158
61217.781540	 401199894.493	   1.000	7158
61217.781541	 401199893.200	   1.000	7158
61217.781543	 401199891.385	   1.000	7158
61217.781545	 401199886.717	   1.000	7158
61217.781547	 401199877.943	   1.000	7158
61217.781549	 401199871.084	   1.000	7158
61217.781551	 401199868.153	   1.000	7158
61217.781553	 401199870.956	   1.000	7158
61217.781555	 401199875.941	   1.000	7158
61217.781557	 401199872.395	   1.000	7158
61217.781559	 401199866.547	   1.000	7158
61217.781561	 401199860.024	   1.000	7158
61217.781563	 401199853.841	   1.000	7158
61217.781564	 401199852.443	   1.000	7158
61217.781566	 401199855.589	   1.000	7158
61217.781568	 401199860.237	   1.000	7158
61217.781570	 401199861.220	   1.000	7158
61217.781572	 401199862.433	   1.000	7158
61217.781574	 401199863.061	   1.000	7158
61217.781576	 401199861.820	   1.000	7158
61217.781578	 401199860.785	   1.000	7158
61217.781580	 401199866.130	   1.000	7158
61217.781582	 401199867.402	   1.000	7158
61217.781584	 401199867.265	   1.000	7158
61217.781585	 401199869.309	   1.000	7158
61217.781587	 401199873.530	   1.000	7158
61217.781589	 401199876.159	   1.000	7158
61217.781591	 401199878.979	   1.000	7158
61217.781593	 401199882.460	   1.000	7158
61217.781595	 401199882.155	   1.000	7158
61217.781597	 401199882.727	   1.000	7158
61217.781599	 401199884.162	   1.000	7158
61217.781601	 401199882.558	   1.000	7158
61217.781603	 401199883.478	   1.000	7158
61217.781605	 401199890.746	   1.000	7158
61217.781606	 401199894.937	   1.000	7158
61217.781608	 401199887.378	   1.000	7158
61217.781610	 401199879.822	   1.000	7158
61217.781612	 401199873.469	   1.000	7158
61217.781614	 401199874.259	   1.000	7158
61217.781616	 401199881.087	   1.000	7158
61217.781618	 401199891.828	   1.000	7158
61217.781620	 401199901.556	   1.000	7158
61217.781622	 401199913.529	   1.000	7158
61217.781624	 401199927.799	   1.000	7158
61217.781626	 401199938.082	   1.000	7158
61217.781627	 401199945.282	   1.000	7158
61217.781629	 401199950.505	   1.000	7158
61217.781631	 401199951.643	   1.000	7158
61217.781633	 401199952.322	   1.000	7158
61217.781635	 401199952.292	   1.000	7158
61217.781637	 401199951.536	   1.000	7158
61217.781639	 401199946.602	   1.000	7158
61217.781641	 401199943.219	   1.000	7158
61217.781643	 401199940.103	   1.000	7158
61217.781645	 401199936.398	   1.000	7158
61217.781647	 401199931.235	   1.000	7158
61217.781648	 401199928.250	   1.000	7158
61217.781650	 401199922.472	   1.000	7158
61217.781652	 401199911.508	   1.000	7158
61217.781654	 401199905.451	   1.000	7158
61217.781656	 401199905.031	   1.000	7158
61217.781658	 401199908.030	   1.000	7158
61217.781660	 401199909.990	   1.000	7158
61217.781662	 401199910.936	   1.000	7158
61217.781664	 401199910.396	   1.000	7158
61217.781666	 401199907.648	   1.000	7158
61217.781668	 401199908.215	   1.000	7158
61217.781669	 401199909.944	   1.000	7158
61217.781671	 401199913.058	   1.000	7158
61217.781673	 401199919.691	   1.000	7158
61217.781675	 401199928.109	   1.000	7158
61217.781677	 401199933.393	   1.000	7158
61217.781679	 401199938.169	   1.000	7158
61217.781681	 401199940.108	   1.000	7158
61217.781683	 401199935.073	   1.000	7158
61217.781685	 401199932.037	   1.000	7158
61217.781687	 401199932.058	   1.000	7158
61217.781689	 401199928.528	   1.000	7158
61217.781690	 401199922.391	   1.000	7158
61217.781692	 401199915.829	   1.000	7158
61217.781694	 401199909.554	   1.000	7158
61217.781696	 401199904.826	   1.000	7158
61217.781698	 401199904.820	   1.000	7158
61217.781700	 401199905.409	   1.000	7158
61217.781702	 401199905.051	   1.000	7158
61217.781704	 401199902.682	   1.000	7158
61217.781706	 401199908.442	   1.000	7158
61217.781708	 401199918.867	   1.000	7158
61217.781710	 401199931.226	   1.000	7158
61217.781712	 401199944.720	   1.000	7158
61217.781713	 401199951.570	   1.000	7158
61217.781715	 401199954.401	   1.000	7158
61217.781717	 401199955.557	   1.000	7158
61217.781719	 401199958.008	   1.000	7158
61217.781721	 401199955.596	   1.000	7158
61217.781723	 401199949.722	   1.000	7158
61217.781725	 401199947.462	   1.000	7158
61217.781727	 401199946.020	   1.000	7158
61217.781729	 401199946.678	   1.000	7158
61217.781731	 401199946.064	   1.000	7158
61217.781733	 401199941.841	   1.000	7158
61217.781734	 401199935.604	   1.000	7158
61217.781736	 401199930.137	   1.000	7158
61217.781738	 401199923.224	   1.000	7158
61217.781740	 401199912.427	   1.000	7158
61217.781742	 401199903.995	   1.000	7158
61217.781744	 401199899.006	   1.000	7158
61217.781746	 401199894.670	   1.000	7158
61217.781748	 401199885.242	   1.000	7158
61217.781750	 401199879.858	   1.000	7158
61217.781752	 401199875.317	   1.000	7158
61217.781754	 401199867.153	   1.000	7158
61217.781755	 401199859.032	   1.000	7158
61217.781757	 401199858.854	   1.000	7158
61217.781759	 401199859.398	   1.000	7158
61217.781761	 401199862.794	   1.000	7158
61217.781763	 401199863.087	   1.000	7158
61217.781765	 401199861.624	   1.000	7158
61217.781767	 401199859.694	   1.000	7158
61217.781769	 401199858.619	   1.000	7158
61217.781771	 401199855.581	   1.000	7158
61217.781773	 401199850.943	   1.000	7158
61217.781775	 401199844.687	   1.000	7158
61217.781776	 401199836.379	   1.000	7158
61217.781778	 401199829.943	   1.000	7158
61217.781780	 401199827.439	   1.000	7158
61217.781782	 401199821.526	   1.000	7158
61217.781784	 401199813.005	   1.000	7158
61217.781786	 401199806.784	   1.000	7158
61217.781788	 401199804.810	   1.000	7158
61217.781790	 401199807.786	   1.000	7158
61217.781792	 401199813.829	   1.000	7158
61217.781794	 401199820.811	   1.000	7158
61217.781796	 401199826.163	   1.000	7158
61217.781797	 401199831.781	   1.000	7158
61217.781799	 401199835.511	   1.000	7158
61217.781801	 401199842.723	   1.000	7158
61217.781803	 401199851.256	   1.000	7158
61217.781805	 401199859.357	   1.000	7158
61217.781807	 401199868.597	   1.000	7158
61217.781809	 401199872.364	   1.000	7158
61217.781811	 401199882.187	   1.000	7158
61217.781813	 401199898.004	   1.000	7158
61217.781815	 401199913.789	   1.000	7158
61217.781817	 401199925.630	   1.000	7158
61217.781818	 401199938.104	   1.000	7158
61217.781820	 401199954.105	   1.000	7158
61217.781822	 401199967.370	   1.000	7158
61217.781824	 401199977.130	   1.000	7158
61217.781826	 401199987.646	   1.000	7158
61217.781828	 401199994.979	   1.000	7158
61217.781830	 401199999.575	   1.000	7158
61217.781832	 401200005.480	   1.000	7158
61217.781834	 401200010.599	   1.000	7158
61217.781836	 401200011.611	   1.000	7158
61217.781838	 401200016.065	   1.000	7158
61217.781839	 401200020.500	   1.000	7158
61217.781841	 401200024.209	   1.000	7158
61217.781843	 401200024.108	   1.000	7158
61217.781845	 401200027.474	   1.000	7158
61217.781847	 401200031.056	   1.000	7158
61217.781849	 401200029.316	   1.000	7158
61217.781851	 401200030.241	   1.000	7158
61217.781853	 401200031.910	   1.000	7158
61217.781855	 401200031.275	   1.000	7158
61217.781857	 401200030.973	   1.000	7158
61217.781859	 401200028.191	   1.000	7158
61217.781861	 401200027.385	   1.000	7158
61217.781862	 401200026.397	   1.000	7158
61217.781864	 401200022.284	   1.000	7158
61217.781866	 401200017.844	   1.000	7158
61217.781868	 401200013.894	   1.000	7158
61217.781870	 401200007.597	   1.000	7158
61217.781872	 401200001.532	   1.000	7158
61217.781874	 401199999.858	   1.000	7158
61217.781876	 401199996.729	   1.000	7158
61217.781878	 401199994.936	   1.000	7158
61217.781880	 401199990.611	   1.000	7158
61217.781882	 401199979.993	   1.000	7158
61217.781883	 401199970.846	   1.000	7158
61217.781885	 401199963.160	   1.000	7158
61217.781887	 401199956.705	   1.000	7158
61217.781889	 401199952.299	   1.000	7158
61217.781891	 401199948.700	   1.000	7158
61217.781893	 401199944.870	   1.000	7158
61217.781895	 401199940.873	   1.000	7158
61217.781897	 401199940.646	   1.000	7158
61217.781899	 401199942.334	   1.000	7158
61217.781901	 401199941.714	   1.000	7158
61217.781903	 401199941.421	   1.000	7158
61217.781904	 401199942.358	   1.000	7158
61217.781906	 401199946.679	   1.000	7158
61217.781908	 401199948.413	   1.000	7158
61217.781910	 401199947.128	   1.000	7158
61217.781912	 401199947.090	   1.000	7158
61217.781914	 401199944.876	   1.000	7158
61217.781916	 401199942.239	   1.000	7158
61217.781918	 401199939.392	   1.000	7158
61217.781920	 401199940.358	   1.000	7158
61217.781922	 401199943.139	   1.000	7158
61217.781924	 401199940.394	   1.000	7158
61217.781925	 401199933.657	   1.000	7158
61217.781927	 401199931.743	   1.000	7158
61217.781929	 401199930.978	   1.000	7158
61217.781931	 401199932.189	   1.000	7158
61217.781933	 401199933.509	   1.000	7158
61217.781935	 401199932.208	   1.000	7158
61217.781937	 401199929.807	   1.000	7158
61217.781939	 401199929.249	   1.000	7158
61217.781941	 401199929.821	   1.000	7158
61217.781943	 401199930.216	   1.000	7158
61217.781945	 401199929.126	   1.000	7158
61217.781946	 401199933.862	   1.000	7158
61217.781948	 401199941.249	   1.000	7158
61217.781950	 401199943.644	   1.000	7158
61217.781952	 401199943.847	   1.000	7158
61217.781954	 401199945.047	   1.000	7158
61217.781956	 401199946.756	   1.000	7158
61217.781958	 401199947.416	   1.000	7158
61217.781960	 401199945.923	   1.000	7158
61217.781962	 401199949.783	   1.000	7158
61217.781964	 401199958.747	   1.000	7158
61217.781966	 401199966.107	   1.000	7158
61217.781967	 401199972.710	   1.000	7158
61217.781969	 401199979.863	   1.000	7158
61217.781971	 401199983.083	   1.000	7158
61217.781973	 401199986.026	   1.000	7158
61217.781975	 401199985.648	   1.000	7158
61217.781977	 401199982.955	   1.000	7158
61217.781979	 401199985.085	   1.000	7158
61217.781981	 401199990.158	   1.000	7158
61217.781983	 401199996.429	   1.000	7158
61217.781985	 401200001.098	   1.000	7158
61217.781987	 401200002.673	   1.000	7158
61217.781988	 401200006.483	   1.000	7158
61217.781990	 401200008.662	   1.000	7158
61217.781992	 401200008.142	   1.000	7158
61217.781994	 401200005.159	   1.000	7158
61217.781996	 401199999.957	   1.000	7158
61217.781998	 401199996.691	   1.000	7158
61217.782000	 401199992.420	   1.000	7158
61217.782002	 401199989.263	   1.000	7158
61217.782004	 401199982.309	   1.000	7158
61217.782006	 401199977.534	   1.000	7158
61217.782008	 401199971.534	   1.000	7158
61217.782010	 401199964.308	   1.000	7158
61217.782011	 401199959.513	   1.000	7158
61217.782013	 401199957.619	   1.000	7158
61217.782015	 401199953.318	   1.000	7158
61217.782017	 401199948.490	   1.000	7158
61217.782019	 401199940.911	   1.000	7158
61217.782021	 401199934.254	   1.000	7158
61217.782023	 401199932.639	   1.000	7158
61217.782025	 401199930.261	   1.000	7158
61217.782027	 401199925.576	   1.000	7158
61217.782029	 401199921.550	   1.000	7158
61217.782031	 401199920.318	   1.000	7158
61217.782032	 401199924.514	   1.000	7158
61217.782034	 401199929.710	   1.000	7158
61217.782036	 401199929.956	   1.000	7158
61217.782038	 401199925.315	   1.000	7158
61217.782040	 401199920.740	   1.000	7158
61217.782042	 401199917.289	   1.000	7158
61217.782044	 401199913.464	   1.000	7158
61217.782046	 401199906.685	   1.000	7158
61217.782048	 401199904.733	   1.000	7158
61217.782050	 401199903.887	   1.000	7158
61217.782052	 401199900.966	   1.000	7158
61217.782053	 401199901.533	   1.000	7158
61217.782055	 401199903.851	   1.000	7158
61217.782057	 401199910.325	   1.000	7158
61217.782059	 401199916.285	   1.000	7158
61217.782061	 401199915.524	   1.000	7158
61217.782063	 401199911.492	   1.000	7158
61217.782065	 401199904.588	   1.000	7158
61217.782067	 401199900.807	   1.000	7158
61217.782069	 401199901.182	   1.000	7158
61217.782071	 401199904.404	   1.000	7158
61217.782073	 401199905.257	   1.000	7158
61217.782074	 401199909.803	   1.000	7158
61217.782076	 401199915.092	   1.000	7158
61217.782078	 401199914.495	   1.000	7158
61217.782080	 401199914.862	   1.000	7158
61217.782082	 401199916.716	   1.000	7158
61217.782084	 401199920.891	   1.000	7158
61217.782086	 401199923.018	   1.000	7158
61217.782088	 401199919.428	   1.000	7158
61217.782090	 401199916.532	   1.000	7158
61217.782092	 401199918.801	   1.000	7158
61217.782094	 401199922.337	   1.000	7158
61217.782095	 401199926.092	   1.000	7158
61217.782097	 401199929.258	   1.000	7158
61217.782099	 401199925.236	   1.000	7158
61217.782101	 401199922.821	   1.000	7158
61217.782103	 401199919.896	   1.000	7158
61217.782105	 401199923.033	   1.000	7158
61217.782107	 401199924.982	   1.000	7158
61217.782109	 401199925.965	   1.000	7158
61217.782111	 401199928.332	   1.000	7158
61217.782113	 401199935.757	   1.000	7158
61217.782115	 401199940.967	   1.000	7158
61217.782116	 401199944.837	   1.000	7158
61217.782118	 401199948.888	   1.000	7158
61217.782120	 401199954.179	   1.000	7158
61217.782122	 401199959.221	   1.000	7158
61217.782124	 401199963.004	   1.000	7158
61217.782126	 401199963.186	   1.000	7158
61217.782128	 401199962.952	   1.000	7158
61217.782130	 401199961.574	   1.000	7158
61217.782132	 401199956.439	   1.000	7158
61217.782134	 401199949.287	   1.000	7158
61217.782136	 401199949.799	   1.000	7158
61217.782137	 401199946.375	   1.000	7158
61217.782139	 401199939.527	   1.000	7158
61217.782141	 401199932.643	   1.000	7158
61217.782143	 401199927.832	   1.000	7158
61217.782145	 401199926.155	   1.000	7158
61217.782147	 401199926.334	   1.000	7158
61217.782149	 401199925.375	   1.000	7158
61217.782151	 401199922.283	   1.000	7158
61217.782153	 401199917.670	   1.000	7158
61217.782155	 401199909.171	   1.000	7158
61217.782157	 401199901.490	   1.000	7158
61217.782159	 401199893.773	   1.000	7158
61217.782160	 401199889.042	   1.000	7158
61217.782162	 401199889.095	   1.000	7158
61217.782164	 401199892.414	   1.000	7158
61217.782166	 401199897.885	   1.000	7158
61217.782168	 401199898.062	   1.000	7158
61217.782170	 401199898.661	   1.000	7158
61217.782172	 401199895.279	   1.000	7158
61217.782174	 401199893.081	   1.000	7158
61217.782176	 401199895.180	   1.000	7158
61217.782178	 401199894.983	   1.000	7158
61217.782180	 401199890.450	   1.000	7158
61217.782181	 401199884.082	   1.000	7158
61217.782183	 401199883.062	   1.000	7158
61217.782185	 401199889.028	   1.000	7158
61217.782187	 401199893.045	   1.000	7158
61217.782189	 401199890.385	   1.000	7158
61217.782191	 401199888.715	   1.000	7158
61217.782193	 401199885.402	   1.000	7158
61217.782195	 401199880.889	   1.000	7158
61217.782197	 401199883.983	   1.000	7158
61217.782199	 401199892.300	   1.000	7158
61217.782201	 401199898.853	   1.000	7158
61217.782202	 401199896.775	   1.000	7158
61217.782204	 401199896.780	   1.000	7158
61217.782206	 401199899.041	   1.000	7158
61217.782208	 401199903.313	   1.000	7158
61217.782210	 401199907.816	   1.000	7158
61217.782212	 401199911.001	   1.000	7158
61217.782214	 401199915.207	   1.000	7158
61217.782216	 401199920.649	   1.000	7158
61217.782218	 401199921.516	   1.000	7158
61217.782220	 401199923.555	   1.000	7158
61217.782222	 401199929.928	   1.000	7158
61217.782223	 401199939.123	   1.000	7158
61217.782225	 401199945.113	   1.000	7158
61217.782227	 401199947.697	   1.000	7158
61217.782229	 401199951.609	   1.000	7158
61217.782231	 401199956.259	   1.000	7158
61217.782233	 401199955.585	   1.000	7158
61217.782235	 401199956.714	   1.000	7158
61217.782237	 401199959.246	   1.000	7158
61217.782239	 401199965.332	   1.000	7158
61217.782241	 401199968.516	   1.000	7158
61217.782243	 401199966.450	   1.000	7158
61217.782244	 401199961.450	   1.000	7158
61217.782246	 401199959.799	   1.000	7158
61217.782248	 401199958.011	   1.000	7158
61217.782250	 401199954.817	   1.000	7158
61217.782252	 401199955.140	   1.000	7158
61217.782254	 401199955.326	   1.000	7158
61217.782256	 401199957.749	   1.000	7158
61217.782258	 401199959.235	   1.000	7158
61217.782260	 401199961.101	   1.000	7158
61217.782262	 401199959.237	   1.000	7158
61217.782264	 401199949.515	   1.000	7158
61217.782265	 401199945.749	   1.000	7158
61217.782267	 401199942.630	   1.000	7158
61217.782269	 401199944.393	   1.000	7158
61217.782271	 401199937.652	   1.000	7158
61217.782273	 401199931.473	   1.000	7158
61217.782275	 401199926.084	   1.000	7158
61217.782277	 401199926.664	   1.000	7158
61217.782279	 401199926.967	   1.000	7158
61217.782281	 401199921.810	   1.000	7158
61217.782283	 401199913.679	   1.000	7158
61217.782285	 401199907.354	   1.000	7158
61217.782286	 401199903.319	   1.000	7158
61217.782288	 401199896.876	   1.000	7158
61217.782290	 401199893.622	   1.000	7158
61217.782292	 401199889.315	   1.000	7158
61217.782294	 401199883.164	   1.000	7158
61217.782296	 401199876.657	   1.000	7158
61217.782298	 401199869.526	   1.000	7158
61217.782300	 401199864.301	   1.000	7158
61217.782302	 401199861.647	   1.000	7158
61217.782304	 401199861.395	   1.000	7158
61217.782306	 401199861.829	   1.000	7158
61217.782308	 401199860.164	   1.000	7158
61217.782309	 401199855.584	   1.000	7158
61217.782311	 401199854.135	   1.000	7158
61217.782313	 401199855.369	   1.000	7158
61217.782315	 401199860.386	   1.000	7158
61217.782317	 401199863.460	   1.000	7158
61217.782319	 401199863.104	   1.000	7158
61217.782321	 401199857.774	   1.000	7158
61217.782323	 401199856.714	   1.000	7158
61217.782325	 401199852.850	   1.000	7158
61217.782327	 401199849.836	   1.000	7158
61217.782329	 401199844.478	   1.000	7158
61217.782330	 401199838.530	   1.000	7158
61217.782332	 401199835.637	   1.000	7158
61217.782334	 401199837.935	   1.000	7158
61217.782336	 401199837.435	   1.000	7158
61217.782338	 401199832.859	   1.000	7158
61217.782340	 401199829.853	   1.000	7158
61217.782342	 401199829.949	   1.000	7158
61217.782344	 401199831.865	   1.000	7158
61217.782346	 401199833.052	   1.000	7158
61217.782348	 401199836.924	   1.000	7158
61217.782350	 401199838.802	   1.000	7158
61217.782351	 401199840.840	   1.000	7158
61217.782353	 401199841.756	   1.000	7158
61217.782355	 401199844.157	   1.000	7158
61217.782357	 401199845.927	   1.000	7158
61217.782359	 401199848.142	   1.000	7158
61217.782361	 401199855.533	   1.000	7158
61217.782363	 401199858.478	   1.000	7158
61217.782365	 401199856.280	   1.000	7158
61217.782367	 401199847.374	   1.000	7158
61217.782369	 401199844.205	   1.000	7158
61217.782371	 401199841.649	   1.000	7158
61217.782372	 401199841.813	   1.000	7158
61217.782374	 401199841.860	   1.000	7158
61217.782376	 401199843.028	   1.000	7158
61217.782378	 401199843.224	   1.000	7158
61217.782380	 401199846.759	   1.000	7158
61217.782382	 401199851.847	   1.000	7158
61217.782384	 401199855.927	   1.000	7158
61217.782386	 401199857.964	   1.000	7158
61217.782388	 401199853.487	   1.000	7158
61217.782390	 401199850.282	   1.000	7158
61217.782392	 401199847.725	   1.000	7158
61217.782393	 401199841.911	   1.000	7158
61217.782395	 401199839.658	   1.000	7158
61217.782397	 401199843.570	   1.000	7158
61217.782399	 401199844.446	   1.000	7158
61217.782401	 401199842.548	   1.000	7158
61217.782403	 401199837.838	   1.000	7158
61217.782405	 401199836.069	   1.000	7158
61217.782407	 401199838.759	   1.000	7158
61217.782409	 401199841.153	   1.000	7158
61217.782411	 401199844.683	   1.000	7158
61217.782413	 401199846.284	   1.000	7158
61217.782414	 401199846.212	   1.000	7158
61217.782416	 401199844.890	   1.000	7158
61217.782418	 401199841.933	   1.000	7158
61217.782420	 401199836.443	   1.000	7158
61217.782422	 401199838.393	   1.000	7158
61217.782424	 401199840.249	   1.000	7158
61217.782426	 401199844.554	   1.000	7158
61217.782428	 401199847.537	   1.000	7158
61217.782430	 401199851.759	   1.000	7158
61217.782432	 401199854.140	   1.000	7158
61217.782434	 401199850.748	   1.000	7158
61217.782435	 401199852.726	   1.000	7158
61217.782437	 401199857.060	   1.000	7158
61217.782439	 401199865.599	   1.000	7158
61217.782441	 401199872.903	   1.000	7158
61217.782443	 401199880.043	   1.000	7158
61217.782445	 401199882.561	   1.000	7158
61217.782447	 401199887.669	   1.000	7158
61217.782449	 401199893.802	   1.000	7158
61217.782451	 401199901.769	   1.000	7158
61217.782453	 401199908.126	   1.000	7158
61217.782455	 401199916.512	   1.000	7158
61217.782457	 401199925.416	   1.000	7158
61217.782458	 401199930.940	   1.000	7158
61217.782460	 401199932.239	   1.000	7158
61217.782462	 401199934.472	   1.000	7158
61217.782464	 401199941.268	   1.000	7158
61217.782466	 401199953.466	   1.000	7158
61217.782468	 401199967.036	   1.000	7158
61217.782470	 401199975.760	   1.000	7158
61217.782472	 401199979.682	   1.000	7158
61217.782474	 401199977.468	   1.000	7158
61217.782476	 401199974.564	   1.000	7158
61217.782478	 401199971.602	   1.000	7158
61217.782479	 401199966.384	   1.000	7158
61217.782481	 401199963.954	   1.000	7158
61217.782483	 401199962.518	   1.000	7158
61217.782485	 401199959.164	   1.000	7158
61217.782487	 401199953.932	   1.000	7158
61217.782489	 401199948.631	   1.000	7158
61217.782491	 401199946.459	   1.000	7158
61217.782493	 401199943.368	   1.000	7158
61217.782495	 401199937.605	   1.000	7158
61217.782497	 401199929.434	   1.000	7158
61217.782499	 401199921.097	   1.000	7158
61217.782500	 401199915.429	   1.000	7158
61217.782502	 401199909.844	   1.000	7158
61217.782504	 401199904.171	   1.000	7158
61217.782506	 401199896.091	   1.000	7158
61217.782508	 401199884.092	   1.000	7158
61217.782510	 401199873.513	   1.000	7158
61217.782512	 401199865.397	   1.000	7158
61217.782514	 401199854.461	   1.000	7158
61217.782516	 401199847.679	   1.000	7158
61217.782518	 401199839.992	   1.000	7158
61217.782520	 401199827.783	   1.000	7158
61217.782521	 401199817.401	   1.000	7158
61217.782523	 401199808.641	   1.000	7158
61217.782525	 401199804.295	   1.000	7158
61217.782527	 401199798.841	   1.000	7158
61217.782529	 401199793.342	   1.000	7158
61217.782531	 401199797.057	   1.000	7158
61217.782533	 401199797.370	   1.000	7158
61217.782535	 401199799.502	   1.000	7158
61217.782537	 401199798.307	   1.000	7158
61217.782539	 401199801.259	   1.000	7158
61217.782541	 401199803.400	   1.000	7158
61217.782542	 401199809.864	   1.000	7158
61217.782544	 401199817.305	   1.000	7158
61217.782546	 401199823.996	   1.000	7158
61217.782548	 401199829.503	   1.000	7158
61217.782550	 401199834.075	   1.000	7158
61217.782552	 401199836.896	   1.000	7158
61217.782554	 401199836.639	   1.000	7158
61217.782556	 401199838.008	   1.000	7158
61217.782558	 401199843.805	   1.000	7158
61217.782560	 401199851.895	   1.000	7158
61217.782562	 401199858.401	   1.000	7158
61217.782563	 401199857.065	   1.000	7158
61217.782565	 401199854.402	   1.000	7158
61217.782567	 401199853.544	   1.000	7158
61217.782569	 401199853.595	   1.000	7158
61217.782571	 401199861.408	   1.000	7158
61217.782573	 401199876.260	   1.000	7158
61217.782575	 401199888.023	   1.000	7158
61217.782577	 401199896.418	   1.000	7158
61217.782579	 401199899.917	   1.000	7158
61217.782581	 401199900.174	   1.000	7158
61217.782583	 401199903.112	   1.000	7158
61217.782585	 401199908.377	   1.000	7158
61217.782586	 401199912.956	   1.000	7158
61217.782588	 401199912.106	   1.000	7158
61217.782590	 401199910.225	   1.000	7158
61217.782592	 401199907.015	   1.000	7158
61217.782594	 401199907.346	   1.000	7158
61217.782596	 401199910.522	   1.000	7158
61217.782598	 401199915.222	   1.000	7158
61217.782600	 401199917.545	   1.000	7158
61217.782602	 401199918.709	   1.000	7158
61217.782604	 401199920.182	   1.000	7158
61217.782606	 401199923.210	   1.000	7158
61217.782607	 401199928.090	   1.000	7158
61217.782609	 401199930.464	   1.000	7158
61217.782611	 401199933.087	   1.000	7158
61217.782613	 401199938.724	   1.000	7158
61217.782615	 401199945.240	   1.000	7158
61217.782617	 401199954.187	   1.000	7158
61217.782619	 401199960.618	   1.000	7158
61217.782621	 401199965.602	   1.000	7158
61217.782623	 401199970.428	   1.000	7158
61217.782625	 401199976.385	   1.000	7158
61217.782627	 401199982.421	   1.000	7158
61217.782628	 401199986.516	   1.000	7158
61217.782630	 401199996.400	   1.000	7158
61217.782632	 401200000.962	   1.000	7158
61217.782634	 401200002.173	   1.000	7158
61217.782636	 401200003.241	   1.000	7158
61217.782638	 401200003.675	   1.000	7158
61217.782640	 401200002.634	   1.000	7158
61217.782642	 401200000.091	   1.000	7158
61217.782644	 401199997.889	   1.000	7158
61217.782646	 401199994.484	   1.000	7158
61217.782648	 401199990.314	   1.000	7158
61217.782649	 401199986.104	   1.000	7158
61217.782651	 401199985.449	   1.000	7158
61217.782653	 401199986.830	   1.000	7158
61217.782655	 401199987.650	   1.000	7158
61217.782657	 401199986.626	   1.000	7158
61217.782659	 401199983.768	   1.000	7158
61217.782661	 401199985.337	   1.000	7158
61217.782663	 401199985.572	   1.000	7158
61217.782665	 401199983.216	   1.000	7158
61217.782667	 401199980.878	   1.000	7158
61217.782669	 401199977.668	   1.000	7158
61217.782670	 401199969.752	   1.000	7158
61217.782672	 401199961.346	   1.000	7158
61217.782674	 401199953.945	   1.000	7158
61217.782676	 401199943.482	   1.000	7158
61217.782678	 401199934.896	   1.000	7158
61217.782680	 401199931.048	   1.000	7158
61217.782682	 401199928.069	   1.000	7158
61217.782684	 401199924.054	   1.000	7158
61217.782686	 401199923.122	   1.000	7158
61217.782688	 401199926.359	   1.000	7158
61217.782690	 401199932.020	   1.000	7158
61217.782691	 401199937.573	   1.000	7158
61217.782693	 401199939.878	   1.000	7158
61217.782695	 401199939.176	   1.000	7158
61217.782697	 401199942.344	   1.000	7158
61217.782699	 401199949.176	   1.000	7158
61217.782701	 401199956.283	   1.000	7158
61217.782703	 401199962.651	   1.000	7158
61217.782705	 401199962.074	   1.000	7158
61217.782707	 401199958.223	   1.000	7158
61217.782709	 401199958.571	   1.000	7158
61217.782711	 401199957.132	   1.000	7158
61217.782712	 401199959.447	   1.000	7158
61217.782714	 401199961.602	   1.000	7158
61217.782716	 401199963.367	   1.000	7158
61217.782718	 401199968.174	   1.000	7158
61217.782720	 401199974.520	   1.000	7158
61217.782722	 401199980.922	   1.000	7158
61217.782724	 401199982.907	   1.000	7158
61217.782726	 401199976.290	   1.000	7158
61217.782728	 401199963.570	   1.000	7158
61217.782730	 401199959.107	   1.000	7158
61217.782732	 401199959.716	   1.000	7158
61217.782734	 401199958.063	   1.000	7158
61217.782735	 401199955.236	   1.000	7158
61217.782737	 401199950.830	   1.000	7158
61217.782739	 401199948.720	   1.000	7158
61217.782741	 401199948.224	   1.000	7158
61217.782743	 401199949.700	   1.000	7158
61217.782745	 401199952.095	   1.000	7158
61217.782747	 401199955.827	   1.000	7158
61217.782749	 401199959.436	   1.000	7158
61217.782751	 401199958.804	   1.000	7158
61217.782753	 401199959.503	   1.000	7158
61217.782755	 401199957.872	   1.000	7158
61217.782756	 401199955.470	   1.000	7158
61217.782758	 401199949.104	   1.000	7158
61217.782760	 401199943.488	   1.000	7158
61217.782762	 401199937.542	   1.000	7158
61217.782764	 401199934.930	   1.000	7158
61217.782766	 401199934.366	   1.000	7158
61217.782768	 401199933.521	   1.000	7158
61217.782770	 401199928.171	   1.000	7158
61217.782772	 401199922.656	   1.000	7158
61217.782774	 401199922.403	   1.000	7158
61217.782776	 401199925.025	   1.000	7158
61217.782777	 401199926.032	   1.000	7158
61217.782779	 401199927.080	   1.000	7158
61217.782781	 401199928.612	   1.000	7158
61217.782783	 401199928.996	   1.000	7158
61217.782785	 401199930.097	   1.000	7158
61217.782787	 401199931.852	   1.000	7158
61217.782789	 401199933.537	   1.000	7158
61217.782791	 401199933.494	   1.000	7158
61217.782793	 401199935.044	   1.000	7158
61217.782795	 401199934.510	   1.000	7158
61217.782797	 401199930.351	   1.000	7158
61217.782798	 401199926.212	   1.000	7158
61217.782800	 401199922.275	   1.000	7158
61217.782802	 401199918.981	   1.000	7158
61217.782804	 401199918.452	   1.000	7158
61217.782806	 401199925.181	   1.000	7158
61217.782808	 401199931.443	   1.000	7158
61217.782810	 401199937.045	   1.000	7158
61217.782812	 401199942.559	   1.000	7158
61217.782814	 401199946.674	   1.000	7158
61217.782816	 401199948.055	   1.000	7158
61217.782818	 401199947.259	   1.000	7158
61217.782819	 401199943.845	   1.000	7158
61217.782821	 401199943.843	   1.000	7158
61217.782823	 401199946.786	   1.000	7158
61217.782825	 401199952.574	   1.000	7158
61217.782827	 401199954.375	   1.000	7158
61217.782829	 401199952.197	   1.000	7158
61217.782831	 401199953.895	   1.000	7158
61217.782833	 401199960.117	   1.000	7158
61217.782835	 401199968.997	   1.000	7158
61217.782837	 401199977.364	   1.000	7158
61217.782839	 401199981.346	   1.000	7158
61217.782840	 401199982.848	   1.000	7158
61217.782842	 401199985.284	   1.000	7158
61217.782844	 401199986.523	   1.000	7158
61217.782846	 401199987.345	   1.000	7158
61217.782848	 401199988.582	   1.000	7158
61217.782850	 401199983.365	   1.000	7158
61217.782852	 401199978.990	   1.000	7158
61217.782854	 401199976.693	   1.000	7158
61217.782856	 401199975.612	   1.000	7158
61217.782858	 401199973.593	   1.000	7158
61217.782860	 401199974.048	   1.000	7158
61217.782861	 401199974.130	   1.000	7158
61217.782863	 401199974.194	   1.000	7158
61217.782865	 401199971.670	   1.000	7158
61217.782867	 401199974.085	   1.000	7158
61217.782869	 401199979.582	   1.000	7158
61217.782871	 401199985.869	   1.000	7158
61217.782873	 401199990.184	   1.000	7158
61217.782875	 401199986.543	   1.000	7158
61217.782877	 401199978.028	   1.000	7158
61217.782879	 401199973.488	   1.000	7158
61217.782881	 401199972.062	   1.000	7158
61217.782883	 401199968.823	   1.000	7158
61217.782884	 401199961.759	   1.000	7158
61217.782886	 401199952.771	   1.000	7158
61217.782888	 401199948.070	   1.000	7158
61217.782890	 401199940.172	   1.000	7158
61217.782892	 401199934.024	   1.000	7158
61217.782894	 401199932.811	   1.000	7158
61217.782896	 401199932.886	   1.000	7158
61217.782898	 401199935.343	   1.000	7158
61217.782900	 401199940.228	   1.000	7158
61217.782902	 401199949.135	   1.000	7158
61217.782904	 401199947.763	   1.000	7158
61217.782905	 401199944.513	   1.000	7158
61217.782907	 401199942.968	   1.000	7158
61217.782909	 401199940.320	   1.000	7158
61217.782911	 401199936.799	   1.000	7158
61217.782913	 401199936.122	   1.000	7158
61217.782915	 401199935.400	   1.000	7158
61217.782917	 401199935.470	   1.000	7158
61217.782919	 401199932.653	   1.000	7158
61217.782921	 401199929.563	   1.000	7158
61217.782923	 401199926.655	   1.000	7158
61217.782925	 401199926.512	   1.000	7158
61217.782926	 401199931.751	   1.000	7158
61217.782928	 401199932.778	   1.000	7158
61217.782930	 401199931.185	   1.000	7158
61217.782932	 401199929.323	   1.000	7158
61217.782934	 401199926.368	   1.000	7158
61217.782936	 401199927.068	   1.000	7158
61217.782938	 401199930.957	   1.000	7158
61217.782940	 401199934.164	   1.000	7158
61217.782942	 401199932.699	   1.000	7158
61217.782944	 401199930.455	   1.000	7158
61217.782946	 401199929.289	   1.000	7158
61217.782947	 401199930.761	   1.000	7158
61217.782949	 401199934.053	   1.000	7158
61217.782951	 401199937.654	   1.000	7158
61217.782953	 401199942.670	   1.000	7158
61217.782955	 401199945.942	   1.000	7158
61217.782957	 401199949.844	   1.000	7158
61217.782959	 401199950.500	   1.000	7158
61217.782961	 401199947.682	   1.000	7158
61217.782963	 401199946.060	   1.000	7158
61217.782965	 401199946.455	   1.000	7158
61217.782967	 401199944.739	   1.000	7158
61217.782968	 401199939.578	   1.000	7158
61217.782970	 401199932.012	   1.000	7158
61217.782972	 401199928.266	   1.000	7158
61217.782974	 401199930.307	   1.000	7158
61217.782976	 401199929.178	   1.000	7158
61217.782978	 401199925.351	   1.000	7158
61217.782980	 401199920.337	   1.000	7158
61217.782982	 401199915.400	   1.000	7158
61217.782984	 401199912.860	   1.000	7158
61217.782986	 401199913.491	   1.000	7158
61217.782988	 401199920.747	   1.000	7158
61217.782989	 401199925.417	   1.000	7158
61217.782991	 401199930.467	   1.000	7158
61217.782993	 401199934.129	   1.000	7158
61217.782995	 401199938.320	   1.000	7158
61217.782997	 401199942.325	   1.000	7158
61217.782999	 401199938.220	   1.000	7158
61217.783001	 401199936.378	   1.000	7158
61217.783003	 401199938.712	   1.000	7158
61217.783005	 401199941.580	   1.000	7158
61217.783007	 401199944.521	   1.000	7158
61217.783009	 401199949.064	   1.000	7158
61217.783010	 401199950.667	   1.000	7158
61217.783012	 401199952.623	   1.000	7158
61217.783014	 401199954.417	   1.000	7158
61217.783016	 401199954.925	   1.000	7158
61217.783018	 401199954.779	   1.000	7158
61217.783020	 401199958.955	   1.000	7158
61217.783022	 401199965.669	   1.000	7158
61217.783024	 401199966.577	   1.000	7158
61217.783026	 401199968.921	   1.000	7158
61217.783028	 401199973.538	   1.000	7158
61217.783030	 401199982.343	   1.000	7158
61217.783032	 401199993.810	   1.000	7158
61217.783033	 401200001.711	   1.000	7158
61217.783035	 401200003.262	   1.000	7158
61217.783037	 401199998.727	   1.000	7158
61217.783039	 401199996.496	   1.000	7158
61217.783041	 401199992.744	   1.000	7158
61217.783043	 401199989.630	   1.000	7158
61217.783045	 401199989.227	   1.000	7158
61217.783047	 401199992.122	   1.000	7158
61217.783049	 401199993.974	   1.000	7158
61217.783051	 401199993.479	   1.000	7158
61217.783053	 401199993.472	   1.000	7158
61217.783054	 401199991.826	   1.000	7158
61217.783056	 401199989.841	   1.000	7158
61217.783058	 401199987.979	   1.000	7158
61217.783060	 401199986.471	   1.000	7158
61217.783062	 401199983.556	   1.000	7158
61217.783064	 401199984.099	   1.000	7158
61217.783066	 401199985.297	   1.000	7158
61217.783068	 401199983.763	   1.000	7158
61217.783070	 401199978.698	   1.000	7158
61217.783072	 401199968.216	   1.000	7158
61217.783074	 401199958.784	   1.000	7158
61217.783075	 401199952.389	   1.000	7158
61217.783077	 401199948.452	   1.000	7158
61217.783079	 401199948.289	   1.000	7158
61217.783081	 401199951.464	   1.000	7158
61217.783083	 401199952.635	   1.000	7158
61217.783085	 401199951.340	   1.000	7158
61217.783087	 401199951.266	   1.000	7158
61217.783089	 401199946.644	   1.000	7158
61217.783091	 401199944.339	   1.000	7158
61217.783093	 401199935.937	   1.000	7158
61217.783095	 401199925.920	   1.000	7158
61217.783096	 401199920.735	   1.000	7158
61217.783098	 401199918.703	   1.000	7158
61217.783100	 401199919.600	   1.000	7158
61217.783102	 401199918.259	   1.000	7158
61217.783104	 401199916.823	   1.000	7158
61217.783106	 401199915.534	   1.000	7158
61217.783108	 401199915.930	   1.000	7158
61217.783110	 401199915.644	   1.000	7158
61217.783112	 401199914.433	   1.000	7158
61217.783114	 401199915.997	   1.000	7158
61217.783116	 401199921.930	   1.000	7158
61217.783117	 401199926.205	   1.000	7158
61217.783119	 401199927.118	   1.000	7158
61217.783121	 401199934.067	   1.000	7158
61217.783123	 401199939.198	   1.000	7158
61217.783125	 401199942.317	   1.000	7158
61217.783127	 401199939.517	   1.000	7158
61217.783129	 401199936.130	   1.000	7158
61217.783131	 401199930.570	   1.000	7158
61217.783133	 401199926.452	   1.000	7158
61217.783135	 401199929.732	   1.000	7158
61217.783137	 401199933.020	   1.000	7158
61217.783138	 401199939.444	   1.000	7158
61217.783140	 401199942.165	   1.000	7158
61217.783142	 401199947.002	   1.000	7158
61217.783144	 401199948.324	   1.000	7158
61217.783146	 401199947.804	   1.000	7158
61217.783148	 401199947.806	   1.000	7158
61217.783150	 401199951.748	   1.000	7158
61217.783152	 401199949.373	   1.000	7158
61217.783154	 401199947.398	   1.000	7158
61217.783156	 401199945.208	   1.000	7158
61217.783158	 401199947.518	   1.000	7158
61217.783159	 401199948.911	   1.000	7158
61217.783161	 401199945.028	   1.000	7158
61217.783163	 401199938.802	   1.000	7158
61217.783165	 401199933.609	   1.000	7158
61217.783167	 401199929.682	   1.000	7158
61217.783169	 401199928.756	   1.000	7158
61217.783171	 401199930.025	   1.000	7158
61217.783173	 401199928.190	   1.000	7158
61217.783175	 401199923.101	   1.000	7158
61217.783177	 401199920.718	   1.000	7158
61217.783179	 401199923.150	   1.000	7158
61217.783181	 401199924.501	   1.000	7158
61217.783182	 401199921.594	   1.000	7158
61217.783184	 401199919.599	   1.000	7158
61217.783186	 401199919.817	   1.000	7158
61217.783188	 401199916.451	   1.000	7158
61217.783190	 401199917.869	   1.000	7158
61217.783192	 401199919.410	   1.000	7158
61217.783194	 401199918.181	   1.000	7158
61217.783196	 401199918.017	   1.000	7158
61217.783198	 401199917.157	   1.000	7158
61217.783200	 401199915.360	   1.000	7158
61217.783202	 401199916.041	   1.000	7158
61217.783203	 401199918.968	   1.000	7158
61217.783205	 401199918.593	   1.000	7158
61217.783207	 401199919.869	   1.000	7158
61217.783209	 401199921.498	   1.000	7158
61217.783211	 401199923.479	   1.000	7158
61217.783213	 401199926.632	   1.000	7158
61217.783215	 401199925.204	   1.000	7158
61217.783217	 401199924.342	   1.000	7158
61217.783219	 401199923.795	   1.000	7158
61217.783221	 401199927.791	   1.000	7158
61217.783223	 401199931.372	   1.000	7158
61217.783224	 401199936.097	   1.000	7158
61217.783226	 401199935.319	   1.000	7158
61217.783228	 401199937.395	   1.000	7158
61217.783230	 401199940.836	   1.000	7158
61217.783232	 401199942.358	   1.000	7158
61217.783234	 401199944.292	   1.000	7158
61217.783236	 401199943.668	   1.000	7158
61217.783238	 401199945.662	   1.000	7158
61217.783240	 401199945.773	   1.000	7158
61217.783242	 401199948.022	   1.000	7158
61217.783244	 401199949.579	   1.000	7158
61217.783245	 401199950.444	   1.000	7158
61217.783247	 401199946.721	   1.000	7158
61217.783249	 401199949.146	   1.000	7158
61217.783251	 401199949.191	   1.000	7158
61217.783253	 401199953.378	   1.000	7158
61217.783255	 401199951.230	   1.000	7158
61217.783257	 401199948.507	   1.000	7158
61217.783259	 401199951.593	   1.000	7158
61217.783261	 401199950.794	   1.000	7158
61217.783263	 401199946.584	   1.000	7158
61217.783265	 401199941.506	   1.000	7158
61217.783266	 401199936.829	   1.000	7158
61217.783268	 401199932.270	   1.000	7158
61217.783270	 401199933.831	   1.000	7158
61217.783272	 401199941.112	   1.000	7158
61217.783274	 401199947.336	   1.000	7158
61217.783276	 401199944.418	   1.000	7158
61217.783278	 401199941.089	   1.000	7158
61217.783280	 401199947.591	   1.000	7158
61217.783282	 401199954.044	   1.000	7158
61217.783284	 401199957.891	   1.000	7158
61217.783286	 401199959.646	   1.000	7158
61217.783287	 401199956.372	   1.000	7158
61217.783289	 401199950.620	   1.000	7158
61217.783291	 401199949.020	   1.000	7158
61217.783293	 401199952.678	   1.000	7158
61217.783295	 401199957.033	   1.000	7158
61217.783297	 401199962.943	   1.000	7158
61217.783299	 401199965.515	   1.000	7158
61217.783301	 401199960.297	   1.000	7158
61217.783303	 401199959.814	   1.000	7158
61217.783305	 401199958.252	   1.000	7158
61217.783307	 401199959.862	   1.000	7158
61217.783308	 401199961.848	   1.000	7158
61217.783310	 401199960.411	   1.000	7158
61217.783312	 401199960.726	   1.000	7158
61217.783314	 401199963.337	   1.000	7158
61217.783316	 401199964.391	   1.000	7158
61217.783318	 401199961.127	   1.000	7158
61217.783320	 401199954.646	   1.000	7158
61217.783322	 401199947.767	   1.000	7158
61217.783324	 401199942.506	   1.000	7158
61217.783326	 401199938.070	   1.000	7158
61217.783328	 401199933.739	   1.000	7158
61217.783330	 401199927.545	   1.000	7158
61217.783331	 401199921.871	   1.000	7158
61217.783333	 401199915.096	   1.000	7158
61217.783335	 401199908.914	   1.000	7158
61217.783337	 401199902.540	   1.000	7158
61217.783339	 401199893.380	   1.000	7158
61217.783341	 401199883.551	   1.000	7158
61217.783343	 401199875.371	   1.000	7158
61217.783345	 401199868.592	   1.000	7158
61217.783347	 401199862.712	   1.000	7158
61217.783349	 401199862.255	   1.000	7158
61217.783351	 401199860.141	   1.000	7158
61217.783352	 401199860.275	   1.000	7158
61217.783354	 401199857.588	   1.000	7158
61217.783356	 401199847.387	   1.000	7158
61217.783358	 401199841.474	   1.000	7158
61217.783360	 401199841.374	   1.000	7158
61217.783362	 401199842.576	   1.000	7158
61217.783364	 401199846.398	   1.000	7158
61217.783366	 401199852.398	   1.000	7158
61217.783368	 401199858.830	   1.000	7158
61217.783370	 401199864.459	   1.000	7158
61217.783372	 401199870.603	   1.000	7158
61217.783373	 401199875.386	   1.000	7158
61217.783375	 401199882.729	   1.000	7158
61217.783377	 401199883.559	   1.000	7158
61217.783379	 401199883.995	   1.000	7158
61217.783381	 401199882.726	   1.000	7158
61217.783383	 401199884.875	   1.000	7158
61217.783385	 401199889.838	   1.000	7158
61217.783387	 401199898.054	   1.000	7158
61217.783389	 401199909.809	   1.000	7158
61217.783391	 401199915.191	   1.000	7158
61217.783393	 401199920.348	   1.000	7158
61217.783394	 401199924.607	   1.000	7158
61217.783396	 401199928.747	   1.000	7158
61217.783398	 401199934.745	   1.000	7158
61217.783400	 401199938.777	   1.000	7158
61217.783402	 401199944.290	   1.000	7158
61217.783404	 401199948.252	   1.000	7158
61217.783406	 401199948.906	   1.000	7158
61217.783408	 401199948.540	   1.000	7158
61217.783410	 401199949.752	   1.000	7158
61217.783412	 401199944.635	   1.000	7158
61217.783414	 401199939.125	   1.000	7158
61217.783415	 401199936.372	   1.000	7158
61217.783417	 401199935.048	   1.000	7158
61217.783419	 401199934.310	   1.000	7158
61217.783421	 401199934.615	   1.000	7158
61217.783423	 401199931.713	   1.000	7158
61217.783425	 401199928.783	   1.000	7158
61217.783427	 401199925.112	   1.000	7158
61217.783429	 401199921.749	   1.000	7158
61217.783431	 401199921.258	   1.000	7158
61217.783433	 401199918.372	   1.000	7158
61217.783435	 401199915.054	   1.000	7158
61217.783436	 401199913.896	   1.000	7158
61217.783438	 401199919.209	   1.000	7158
61217.783440	 401199923.425	   1.000	7158
61217.783442	 401199925.239	   1.000	7158
61217.783444	 401199921.286	   1.000	7158
61217.783446	 401199913.911	   1.000	7158
61217.783448	 401199906.471	   1.000	7158
61217.783450	 401199901.294	   1.000	7158
61217.783452	 401199900.985	   1.000	7158
61217.783454	 401199904.672	   1.000	7158
61217.783456	 401199908.950	   1.000	7158
61217.783458	 401199909.095	   1.000	7158
61217.783459	 401199910.077	   1.000	7158
61217.783461	 401199910.851	   1.000	7158
61217.783463	 401199914.055	   1.000	7158
61217.783465	 401199914.314	   1.000	7158
61217.783467	 401199915.262	   1.000	7158
61217.783469	 401199914.766	   1.000	7158
61217.783471	 401199918.012	   1.000	7158
61217.783473	 401199920.500	   1.000	7158
61217.783475	 401199922.222	   1.000	7158
61217.783477	 401199922.126	   1.000	7158
61217.783479	 401199924.898	   1.000	7158
61217.783480	 401199930.301	   1.000	7158
61217.783482	 401199936.812	   1.000	7158
61217.783484	 401199942.100	   1.000	7158
61217.783486	 401199944.017	   1.000	7158
61217.783488	 401199947.497	   1.000	7158
61217.783490	 401199949.964	   1.000	7158
61217.783492	 401199949.854	   1.000	7158
61217.783494	 401199949.277	   1.000	7158
61217.783496	 401199952.920	   1.000	7158
61217.783498	 401199959.715	   1.000	7158
61217.783500	 401199963.659	   1.000	7158
61217.783501	 401199963.463	   1.000	7158
61217.783503	 401199964.908	   1.000	7158
61217.783505	 401199963.523	   1.000	7158
61217.783507	 401199960.811	   1.000	7158
61217.783509	 401199962.916	   1.000	7158
61217.783511	 401199967.562	   1.000	7158
61217.783513	 401199968.287	   1.000	7158
61217.783515	 401199967.235	   1.000	7158
61217.783517	 401199964.604	   1.000	7158
61217.783519	 401199964.045	   1.000	7158
61217.783521	 401199966.847	   1.000	7158
61217.783522	 401199968.079	   1.000	7158
61217.783524	 401199966.221	   1.000	7158
61217.783526	 401199964.715	   1.000	7158
61217.783528	 401199962.028	   1.000	7158
61217.783530	 401199960.784	   1.000	7158
61217.783532	 401199959.572	   1.000	7158
61217.783534	 401199956.498	   1.000	7158
61217.783536	 401199948.676	   1.000	7158
61217.783538	 401199937.223	   1.000	7158
61217.783540	 401199926.259	   1.000	7158
61217.783542	 401199920.881	   1.000	7158
61217.783543	 401199919.990	   1.000	7158
61217.783545	 401199919.955	   1.000	7158
61217.783547	 401199919.474	   1.000	7158
61217.783549	 401199919.369	   1.000	7158
61217.783551	 401199918.119	   1.000	7158
61217.783553	 401199916.781	   1.000	7158
61217.783555	 401199916.893	   1.000	7158
61217.783557	 401199922.083	   1.000	7158
61217.783559	 401199927.394	   1.000	7158
61217.783561	 401199924.557	   1.000	7158
61217.783563	 401199926.169	   1.000	7158
61217.783564	 401199926.209	   1.000	7158
61217.783566	 401199928.341	   1.000	7158
61217.783568	 401199930.217	   1.000	7158
61217.783570	 401199933.991	   1.000	7158
61217.783572	 401199930.939	   1.000	7158
61217.783574	 401199929.289	   1.000	7158
61217.783576	 401199930.080	   1.000	7158
61217.783578	 401199933.463	   1.000	7158
61217.783580	 401199937.202	   1.000	7158
61217.783582	 401199936.865	   1.000	7158
61217.783584	 401199935.902	   1.000	7158
61217.783585	 401199937.150	   1.000	7158
61217.783587	 401199938.007	   1.000	7158
61217.783589	 401199939.715	   1.000	7158
61217.783591	 401199942.290	   1.000	7158
61217.783593	 401199945.250	   1.000	7158
61217.783595	 401199948.950	   1.000	7158
61217.783597	 401199952.918	   1.000	7158
61217.783599	 401199956.319	   1.000	7158
61217.783601	 401199955.976	   1.000	7158
61217.783603	 401199957.026	   1.000	7158
61217.783605	 401199962.048	   1.000	7158
61217.783607	 401199967.171	   1.000	7158
61217.783608	 401199970.635	   1.000	7158
61217.783610	 401199973.271	   1.000	7158
61217.783612	 401199974.237	   1.000	7158
61217.783614	 401199976.348	   1.000	7158
61217.783616	 401199976.184	   1.000	7158
61217.783618	 401199974.795	   1.000	7158
61217.783620	 401199971.957	   1.000	7158
61217.783622	 401199972.106	   1.000	7158
61217.783624	 401199970.220	   1.000	7158
61217.783626	 401199966.085	   1.000	7158
61217.783628	 401199956.712	   1.000	7158
61217.783629	 401199951.128	   1.000	7158
61217.783631	 401199948.239	   1.000	7158
61217.783633	 401199947.809	   1.000	7158
61217.783635	 401199950.041	   1.000	7158
61217.783637	 401199953.271	   1.000	7158
61217.783639	 401199953.265	   1.000	7158
61217.783641	 401199951.302	   1.000	7158
61217.783643	 401199953.948	   1.000	7158
61217.783645	 401199960.511	   1.000	7158
61217.783647	 401199965.850	   1.000	7158
61217.783649	 401199969.924	   1.000	7158
61217.783650	 401199976.157	   1.000	7158
61217.783652	 401199983.239	   1.000	7158
61217.783654	 401199983.093	   1.000	7158
61217.783656	 401199980.581	   1.000	7158
61217.783658	 401199982.153	   1.000	7158
61217.783660	 401199981.738	   1.000	7158
61217.783662	 401199986.764	   1.000	7158
61217.783664	 401199989.687	   1.000	7158
61217.783666	 401199990.497	   1.000	7158
61217.783668	 401199981.473	   1.000	7158
61217.783670	 401199985.807	   1.000	7158
61217.783671	 401199995.353	   1.000	7158
61217.783673	 401200002.590	   1.000	7158
61217.783675	 401200004.474	   1.000	7158
61217.783677	 401199994.149	   1.000	7158
61217.783679	 401199990.253	   1.000	7158
61217.783681	 401199993.236	   1.000	7158
61217.783683	 401199997.065	   1.000	7158
61217.783685	 401200003.617	   1.000	7158
61217.783687	 401200011.669	   1.000	7158
61217.783689	 401200018.784	   1.000	7158
61217.783691	 401200024.721	   1.000	7158
61217.783692	 401200024.596	   1.000	7158
61217.783694	 401200025.199	   1.000	7158
61217.783696	 401200028.630	   1.000	7158
61217.783698	 401200033.781	   1.000	7158
61217.783700	 401200040.917	   1.000	7158
61217.783702	 401200049.373	   1.000	7158
61217.783704	 401200051.678	   1.000	7158
61217.783706	 401200048.243	   1.000	7158
61217.783708	 401200041.890	   1.000	7158
61217.783710	 401200037.753	   1.000	7158
61217.783712	 401200033.697	   1.000	7158
61217.783713	 401200034.152	   1.000	7158
61217.783715	 401200034.201	   1.000	7158
61217.783717	 401200032.781	   1.000	7158
61217.783719	 401200029.654	   1.000	7158
61217.783721	 401200026.747	   1.000	7158
61217.783723	 401200022.732	   1.000	7158
61217.783725	 401200021.969	   1.000	7158
61217.783727	 401200021.516	   1.000	7158
61217.783729	 401200020.935	   1.000	7158
61217.783731	 401200017.426	   1.000	7158
61217.783733	 401200011.267	   1.000	7158
61217.783734	 401200003.291	   1.000	7158
61217.783736	 401200002.351	   1.000	7158
61217.783738	 401200006.130	   1.000	7158
61217.783740	 401200007.142	   1.000	7158
61217.783742	 401199999.385	   1.000	7158
61217.783744	 401199991.355	   1.000	7158
61217.783746	 401199987.768	   1.000	7158
61217.783748	 401199983.370	   1.000	7158
61217.783750	 401199980.011	   1.000	7158
61217.783752	 401199980.228	   1.000	7158
61217.783754	 401199985.583	   1.000	7158
61217.783756	 401199992.431	   1.000	7158
61217.783757	 401199998.226	   1.000	7158
61217.783759	 401199998.871	   1.000	7158
61217.783761	 401199998.612	   1.000	7158
61217.783763	 401199997.673	   1.000	7158
61217.783765	 401200003.000	   1.000	7158
61217.783767	 401200004.335	   1.000	7158
61217.783769	 401200002.042	   1.000	7158
61217.783771	 401200003.536	   1.000	7158
61217.783773	 401200006.906	   1.000	7158
61217.783775	 401200017.573	   1.000	7158
61217.783777	 401200023.866	   1.000	7158
61217.783778	 401200027.181	   1.000	7158
61217.783780	 401200028.631	   1.000	7158
61217.783782	 401200031.192	   1.000	7158
61217.783784	 401200028.878	   1.000	7158
61217.783786	 401200023.642	   1.000	7158
61217.783788	 401200019.406	   1.000	7158
61217.783790	 401200019.747	   1.000	7158
61217.783792	 401200020.993	   1.000	7158
61217.783794	 401200023.498	   1.000	7158
61217.783796	 401200024.452	   1.000	7158
61217.783798	 401200025.946	   1.000	7158
61217.783799	 401200019.133	   1.000	7158
61217.783801	 401200012.621	   1.000	7158
61217.783803	 401200008.585	   1.000	7158
61217.783805	 401200007.674	   1.000	7158
61217.783807	 401200009.880	   1.000	7158
61217.783809	 401200012.615	   1.000	7158
61217.783811	 401200014.166	   1.000	7158
61217.783813	 401200015.106	   1.000	7158
61217.783815	 401200017.759	   1.000	7158
61217.783817	 401200017.435	   1.000	7158
61217.783819	 401200013.086	   1.000	7158
61217.783820	 401200008.323	   1.000	7158
61217.783822	 401200004.662	   1.000	7158
61217.783824	 401199998.917	   1.000	7158
61217.783826	 401199991.059	   1.000	7158
61217.783828	 401199987.624	   1.000	7158
61217.783830	 401199988.287	   1.000	7158
61217.783832	 401199994.702	   1.000	7158
61217.783834	 401199998.550	   1.000	7158
61217.783836	 401199999.382	   1.000	7158
61217.783838	 401199995.091	   1.000	7158
61217.783840	 401199997.326	   1.000	7158
61217.783841	 401200002.070	   1.000	7158
61217.783843	 401200006.804	   1.000	7158
61217.783845	 401200010.055	   1.000	7158
61217.783847	 401200011.880	   1.000	7158
61217.783849	 401200017.777	   1.000	7158
61217.783851	 401200022.372	   1.000	7158
61217.783853	 401200024.134	   1.000	7158
61217.783855	 401200023.323	   1.000	7158
61217.783857	 401200021.448	   1.000	7158
61217.783859	 401200020.833	   1.000	7158
61217.783861	 401200022.526	   1.000	7158
61217.783862	 401200027.595	   1.000	7158
61217.783864	 401200033.477	   1.000	7158
61217.783866	 401200037.834	   1.000	7158
61217.783868	 401200032.560	   1.000	7158
61217.783870	 401200024.181	   1.000	7158
61217.783872	 401200015.855	   1.000	7158
61217.783874	 401200011.481	   1.000	7158
61217.783876	 401200005.663	   1.000	7158
61217.783878	 401200003.368	   1.000	7158
61217.783880	 401199995.952	   1.000	7158
61217.783882	 401199996.207	   1.000	7158
61217.783883	 401200001.026	   1.000	7158
61217.783885	 401200005.964	   1.000	7158
61217.783887	 401200009.756	   1.000	7158
61217.783889	 401200013.313	   1.000	7158
61217.783891	 401200013.628	   1.000	7158
61217.783893	 401200014.980	   1.000	7158
61217.783895	 401200010.424	   1.000	7158
61217.783897	 401200005.164	   1.000	7158
61217.783899	 401200001.073	   1.000	7158
61217.783901	 401199998.720	   1.000	7158
61217.783903	 401199999.207	   1.000	7158
61217.783905	 401199997.395	   1.000	7158
61217.783906	 401199994.387	   1.000	7158
61217.783908	 401199988.912	   1.000	7158
61217.783910	 401199983.113	   1.000	7158
61217.783912	 401199973.567	   1.000	7158
61217.783914	 401199963.079	   1.000	7158
61217.783916	 401199961.087	   1.000	7158
61217.783918	 401199962.235	   1.000	7158
61217.783920	 401199963.973	   1.000	7158
61217.783922	 401199964.422	   1.000	7158
61217.783924	 401199963.223	   1.000	7158
61217.783926	 401199957.111	   1.000	7158
61217.783927	 401199950.345	   1.000	7158
61217.783929	 401199941.384	   1.000	7158
61217.783931	 401199931.219	   1.000	7158
61217.783933	 401199917.938	   1.000	7158
61217.783935	 401199909.498	   1.000	7158
61217.783937	 401199907.172	   1.000	7158
61217.783939	 401199907.935	   1.000	7158
61217.783941	 401199906.797	   1.000	7158
61217.783943	 401199905.286	   1.000	7158
61217.783945	 401199905.120	   1.000	7158
61217.783947	 401199905.880	   1.000	7158
61217.783948	 401199907.676	   1.000	7158
61217.783950	 401199911.364	   1.000	7158
61217.783952	 401199917.167	   1.000	7158
61217.783954	 401199923.214	   1.000	7158
61217.783956	 401199927.420	   1.000	7158
61217.783958	 401199931.938	   1.000	7158
61217.783960	 401199933.957	   1.000	7158
61217.783962	 401199935.369	   1.000	7158
61217.783964	 401199936.184	   1.000	7158
61217.783966	 401199939.703	   1.000	7158
61217.783968	 401199942.978	   1.000	7158
61217.783969	 401199944.938	   1.000	7158
61217.783971	 401199950.078	   1.000	7158
61217.783973	 401199959.241	   1.000	7158
61217.783975	 401199967.477	   1.000	7158
61217.783977	 401199973.788	   1.000	7158
61217.783979	 401199979.220	   1.000	7158
61217.783981	 401199984.181	   1.000	7158
61217.783983	 401199988.432	   1.000	7158
61217.783985	 401199989.813	   1.000	7158
61217.783987	 401199986.367	   1.000	7158
61217.783989	 401199981.763	   1.000	7158
61217.783990	 401199982.124	   1.000	7158
61217.783992	 401199983.242	   1.000	7158
61217.783994	 401199984.502	   1.000	7158
61217.783996	 401199983.256	   1.000	7158
61217.783998	 401199980.151	   1.000	7158
61217.784000	 401199976.228	   1.000	7158
61217.784002	 401199973.354	   1.000	7158
61217.784004	 401199972.568	   1.000	7158
61217.784006	 401199972.563	   1.000	7158
61217.784008	 401199972.040	   1.000	7158
61217.784010	 401199972.530	   1.000	7158
61217.784011	 401199973.644	   1.000	7158
61217.784013	 401199971.560	   1.000	7158
61217.784015	 401199967.188	   1.000	7158
61217.784017	 401199960.072	   1.000	7158
61217.784019	 401199952.996	   1.000	7158
61217.784021	 401199949.004	   1.000	7158
61217.784023	 401199946.123	   1.000	7158
61217.784025	 401199942.278	   1.000	7158
61217.784027	 401199940.869	   1.000	7158
61217.784029	 401199937.457	   1.000	7158
61217.784031	 401199939.795	   1.000	7158
61217.784032	 401199944.743	   1.000	7158
61217.784034	 401199947.137	   1.000	7158
61217.784036	 401199947.380	   1.000	7158
61217.784038	 401199947.838	   1.000	7158
61217.784040	 401199951.339	   1.000	7158
61217.784042	 401199954.932	   1.000	7158
61217.784044	 401199956.268	   1.000	7158
61217.784046	 401199959.108	   1.000	7158
61217.784048	 401199963.631	   1.000	7158
61217.784050	 401199965.935	   1.000	7158
61217.784052	 401199967.530	   1.000	7158
61217.784054	 401199968.847	   1.000	7158
61217.784055	 401199965.657	   1.000	7158
61217.784057	 401199963.953	   1.000	7158
61217.784059	 401199961.113	   1.000	7158
61217.784061	 401199960.531	   1.000	7158
61217.784063	 401199964.557	   1.000	7158
61217.784065	 401199967.394	   1.000	7158
61217.784067	 401199971.908	   1.000	7158
61217.784069	 401199973.372	   1.000	7158
61217.784071	 401199973.700	   1.000	7158
61217.784073	 401199974.761	   1.000	7158
61217.784075	 401199978.892	   1.000	7158
61217.784076	 401199980.329	   1.000	7158
61217.784078	 401199978.827	   1.000	7158
61217.784080	 401199971.372	   1.000	7158
61217.784082	 401199967.038	   1.000	7158
61217.784084	 401199969.701	   1.000	7158
61217.784086	 401199974.574	   1.000	7158
61217.784088	 401199973.664	   1.000	7158
61217.784090	 401199974.165	   1.000	7158
61217.784092	 401199975.847	   1.000	7158
61217.784094	 401199981.296	   1.000	7158
61217.784096	 401199989.712	   1.000	7158
61217.784097	 401199996.429	   1.000	7158
61217.784099	 401200000.201	   1.000	7158
61217.784101	 401199997.862	   1.000	7158
61217.784103	 401199995.423	   1.000	7158
61217.784105	 401199993.724	   1.000	7158
61217.784107	 401199990.644	   1.000	7158
61217.784109	 401199987.119	   1.000	7158
61217.784111	 401199982.231	   1.000	7158
61217.784113	 401199976.578	   1.000	7158
61217.784115	 401199974.352	   1.000	7158
61217.784117	 401199975.314	   1.000	7158
61217.784118	 401199976.907	   1.000	7158
61217.784120	 401199977.840	   1.000	7158
61217.784122	 401199976.213	   1.000	7158
61217.784124	 401199971.242	   1.000	7158
61217.784126	 401199972.298	   1.000	7158
61217.784128	 401199973.392	   1.000	7158
61217.784130	 401199973.248	   1.000	7158
61217.784132	 401199972.942	   1.000	7158
61217.784134	 401199969.058	   1.000	7158
61217.784136	 401199965.686	   1.000	7158
61217.784138	 401199964.118	   1.000	7158
61217.784139	 401199967.778	   1.000	7158
61217.784141	 401199974.107	   1.000	7158
61217.784143	 401199977.714	   1.000	7158
61217.784145	 401199974.471	   1.000	7158
61217.784147	 401199969.311	   1.000	7158
61217.784149	 401199962.933	   1.000	7158
61217.784151	 401199956.034	   1.000	7158
61217.784153	 401199958.249	   1.000	7158
61217.784155	 401199958.795	   1.000	7158
61217.784157	 401199958.992	   1.000	7158
61217.784159	 401199958.830	   1.000	7158
61217.784160	 401199957.830	   1.000	7158
61217.784162	 401199958.097	   1.000	7158
61217.784164	 401199957.711	   1.000	7158
61217.784166	 401199957.108	   1.000	7158
61217.784168	 401199957.549	   1.000	7158
61217.784170	 401199957.468	   1.000	7158
61217.784172	 401199961.959	   1.000	7158
61217.784174	 401199968.945	   1.000	7158
61217.784176	 401199975.878	   1.000	7158
61217.784178	 401199989.296	   1.000	7158
61217.784180	 401200001.552	   1.000	7158
61217.784181	 401200007.190	   1.000	7158
61217.784183	 401200009.036	   1.000	7158
61217.784185	 401200013.923	   1.000	7158
61217.784187	 401200018.586	   1.000	7158
61217.784189	 401200022.312	   1.000	7158
61217.784191	 401200021.444	   1.000	7158
61217.784193	 401200018.321	   1.000	7158
61217.784195	 401200015.042	   1.000	7158
61217.784197	 401200012.647	   1.000	7158
61217.784199	 401200015.022	   1.000	7158
61217.784201	 401200012.150	   1.000	7158
61217.784203	 401200007.685	   1.000	7158
61217.784204	 401200005.266	   1.000	7158
61217.784206	 401200005.610	   1.000	7158
61217.784208	 401200005.760	   1.000	7158
61217.784210	 401200007.897	   1.000	7158
61217.784212	 401200008.973	   1.000	7158
61217.784214	 401200008.312	   1.000	7158
61217.784216	 401200002.258	   1.000	7158
61217.784218	 401199995.747	   1.000	7158
61217.784220	 401199994.782	   1.000	7158
61217.784222	 401199994.841	   1.000	7158
61217.784224	 401199989.138	   1.000	7158
61217.784225	 401199981.323	   1.000	7158
61217.784227	 401199977.141	   1.000	7158
61217.784229	 401199971.621	   1.000	7158
61217.784231	 401199968.631	   1.000	7158
61217.784233	 401199968.651	   1.000	7158
61217.784235	 401199968.026	   1.000	7158
61217.784237	 401199964.161	   1.000	7158
61217.784239	 401199960.000	   1.000	7158
61217.784241	 401199952.722	   1.000	7158
61217.784243	 401199950.447	   1.000	7158
61217.784245	 401199950.827	   1.000	7158
61217.784246	 401199949.840	   1.000	7158
61217.784248	 401199950.815	   1.000	7158
61217.784250	 401199948.804	   1.000	7158
61217.784252	 401199949.190	   1.000	7158
61217.784254	 401199953.051	   1.000	7158
61217.784256	 401199957.852	   1.000	7158
61217.784258	 401199956.771	   1.000	7158
61217.784260	 401199952.898	   1.000	7158
61217.784262	 401199953.784	   1.000	7158
61217.784264	 401199958.379	   1.000	7158
61217.784266	 401199965.422	   1.000	7158
61217.784267	 401199972.360	   1.000	7158
61217.784269	 401199975.062	   1.000	7158
61217.784271	 401199974.218	   1.000	7158
61217.784273	 401199973.205	   1.000	7158
61217.784275	 401199972.051	   1.000	7158
61217.784277	 401199970.785	   1.000	7158
61217.784279	 401199969.436	   1.000	7158
61217.784281	 401199968.031	   1.000	7158
61217.784283	 401199966.600	   1.000	7158
61217.784285	 401199965.171	   1.000	7158
61217.784287	 401199963.773	   1.000	7158
61217.784288	 401199962.434	   1.000	7158
61217.784290	 401199961.183	   1.000	7158
61217.784292	 401199960.048	   1.000	7158
61217.784294	 401199959.058	   1.000	7158
61217.784296	 401199958.242	   1.000	7158
61217.784298	 401199957.628	   1.000	7158
61217.784300	 401199957.245	   1.000	7158
61217.784302	 401199957.121	   1.000	7158
61217.784304	 401199957.285	   1.000	7158
61217.784306	 401199957.765	   1.000	7158
61217.784308	 401199958.591	   1.000	7158
61217.784309	 401199959.790	   1.000	7158
61217.784311	 401199961.391	   1.000	7158
61217.784313	 401199963.423	   1.000	7158
61217.784315	 401199965.915	   1.000	7158
61217.784317	 401199968.894	   1.000	7158
