61217.830012	 450059942.512	   1.000	1864
61217.830013	 450059944.610	   1.000	1864
61217.830014	 450059946.568	   1.000	1864
61217.830016	 450059948.394	   1.000	1864
61217.830017	 450059950.095	   1.000	1864
61217.830018	 450059951.679	   1.000	1864
61217.830020	 450059953.153	   1.000	1864
61217.830021	 450059954.527	   1.000	1864
61217.830022	 450059955.806	   1.000	1864
61217.830024	 450059957.000	   1.000	1864
61217.830025	 450059958.115	   1.000	1864
61217.830026	 450059959.159	   1.000	1864
61217.830028	 450059960.141	   1.000	1864
61217.830029	 450059961.068	   1.000	1864
61217.830030	 450059961.947	   1.000	1864
61217.830032	 450059962.787	   1.000	1864
61217.830033	 450059963.595	   1.000	1864
61217.830034	 450059964.378	   1.000	1864
61217.830036	 450059965.146	   1.000	1864
61217.830037	 450059965.904	   1.000	1864
61217.830039	 450059966.662	   1.000	1864
61217.830040	 450059967.426	   1.000	1864
61217.830041	 450059968.205	   1.000	1864
61217.830043	 450059969.006	   1.000	1864
61217.830044	 450059969.837	   1.000	1864
61217.830045	 450059970.706	   1.000	1864
61217.830047	 450059971.504	   1.000	1864
61217.830048	 450059972.913	   1.000	1864
61217.830049	 450059972.589	   1.000	1864
61217.830051	 450059979.771	   1.000	1864
61217.830052	 450059985.009	   1.000	1864
61217.830053	 450059989.870	   1.000	1864
61217.830055	 450059991.188	   1.000	1864
61217.830056	 450059990.273	   1.000	1864
61217.830057	 450059991.605	   1.000	1864
61217.830059	 450059990.250	   1.000	1864
61217.830060	 450059987.719	   1.000	1864
61217.830061	 450059986.374	   1.000	1864
61217.830063	 450059989.167	   1.000	1864
61217.830064	 450059987.245	   1.000	1864
61217.830066	 450059987.702	   1.000	1864
61217.830067	 450059987.851	   1.000	1864
61217.830068	 450059982.014	   1.000	1864
61217.830070	 450059976.878	   1.000	1864
61217.830071	 450059972.177	   1.000	1864
61217.830072	 450059975.567	   1.000	1864
61217.830074	 450059975.802	   1.000	1864
61217.830075	 450059975.053	   1.000	1864
61217.830076	 450059974.353	   1.000	1864
61217.830078	 450059973.437	   1.000	1864
61217.830079	 450059973.907	   1.000	1864
61217.830080	 450059973.170	   1.000	1864
61217.830082	 450059972.534	   1.000	1864
61217.830083	 450059973.547	   1.000	1864
61217.830084	 450059976.899	   1.000	1864
61217.830086	 450059976.597	   1.000	1864
61217.830087	 450059972.189	   1.000	1864
61217.830088	 450059967.092	   1.000	1864
61217.830090	 450059961.287	   1.000	1864
61217.830091	 450059964.914	   1.000	1864
61217.830092	 450059967.959	   1.000	1864
61217.830094	 450059968.938	   1.000	1864
61217.830095	 450059968.944	   1.000	1864
61217.830097	 450059967.149	   1.000	1864
61217.830098	 450059968.310	   1.000	1864
61217.830099	 450059969.835	   1.000	1864
61217.830101	 450059971.509	   1.000	1864
61217.830102	 450059970.985	   1.000	1864
61217.830103	 450059968.482	   1.000	1864
61217.830105	 450059970.865	   1.000	1864
61217.830106	 450059972.961	   1.000	1864
61217.830107	 450059973.234	   1.000	1864
61217.830109	 450059971.726	   1.000	1864
61217.830110	 450059967.580	   1.000	1864
61217.830111	 450059971.977	   1.000	1864
61217.830113	 450059978.127	   1.000	1864
61217.830114	 450059981.999	   1.000	1864
61217.830115	 450059983.126	   1.000	1864
61217.830117	 450059981.805	   1.000	1864
61217.830118	 450059979.520	   1.000	1864
61217.830119	 450059970.227	   1.000	1864
61217.830121	 450059962.021	   1.000	1864
61217.830122	 450059958.259	   1.000	1864
61217.830123	 450059957.651	   1.000	1864
61217.830125	 450059959.141	   1.000	1864
61217.830126	 450059957.803	   1.000	1864
61217.830128	 450059957.060	   1.000	1864
61217.830129	 450059958.469	   1.000	1864
61217.830130	 450059957.330	   1.000	1864
61217.830132	 450059950.840	   1.000	1864
61217.830133	 450059942.423	   1.000	1864
61217.830134	 450059934.391	   1.000	1864
61217.830136	 450059926.972	   1.000	1864
61217.830137	 450059927.344	   1.000	1864
61217.830138	 450059928.322	   1.000	1864
61217.830140	 450059930.168	   1.000	1864
61217.830141	 450059930.898	   1.000	1864
61217.830142	 450059931.141	   1.000	1864
61217.830144	 450059932.427	   1.000	1864
61217.830145	 450059934.736	   1.000	1864
61217.830146	 450059936.766	   1.000	1864
61217.830148	 450059938.927	   1.000	1864
61217.830149	 450059942.877	   1.000	1864
61217.830150	 450059943.866	   1.000	1864
61217.830152	 450059944.492	   1.000	1864
61217.830153	 450059946.043	   1.000	1864
61217.830155	 450059947.221	   1.000	1864
61217.830156	 450059951.435	   1.000	1864
61217.830157	 450059954.009	   1.000	1864
61217.830159	 450059952.000	   1.000	1864
61217.830160	 450059949.292	   1.000	1864
61217.830161	 450059949.039	   1.000	1864
61217.830163	 450059948.635	   1.000	1864
61217.830164	 450059947.235	   1.000	1864
61217.830165	 450059950.031	   1.000	1864
61217.830167	 450059953.095	   1.000	1864
61217.830168	 450059959.199	   1.000	1864
61217.830169	 450059958.921	   1.000	1864
61217.830171	 450059957.925	   1.000	1864
61217.830172	 450059959.249	   1.000	1864
61217.830173	 450059958.960	   1.000	1864
61217.830175	 450059958.726	   1.000	1864
61217.830176	 450059959.363	   1.000	1864
61217.830177	 450059960.830	   1.000	1864
61217.830179	 450059964.638	   1.000	1864
61217.830180	 450059968.259	   1.000	1864
61217.830181	 450059966.704	   1.000	1864
61217.830183	 450059966.724	   1.000	1864
61217.830184	 450059964.779	   1.000	1864
61217.830186	 450059965.971	   1.000	1864
61217.830187	 450059970.327	   1.000	1864
61217.830188	 450059975.739	   1.000	1864
61217.830190	 450059976.085	   1.000	1864
61217.830191	 450059973.993	   1.000	1864
61217.830192	 450059973.449	   1.000	1864
61217.830194	 450059971.605	   1.000	1864
61217.830195	 450059970.576	   1.000	1864
61217.830196	 450059964.760	   1.000	1864
61217.830198	 450059958.238	   1.000	1864
61217.830199	 450059954.381	   1.000	1864
61217.830200	 450059955.046	   1.000	1864
61217.830202	 450059956.544	   1.000	1864
61217.830203	 450059954.416	   1.000	1864
61217.830204	 450059952.514	   1.000	1864
61217.830206	 450059952.285	   1.000	1864
61217.830207	 450059957.163	   1.000	1864
61217.830208	 450059967.812	   1.000	1864
61217.830210	 450059975.234	   1.000	1864
61217.830211	 450059980.729	   1.000	1864
61217.830212	 450059983.961	   1.000	1864
61217.830214	 450059987.546	   1.000	1864
61217.830215	 450059990.434	   1.000	1864
61217.830217	 450059994.305	   1.000	1864
61217.830218	 450059996.955	   1.000	1864
61217.830219	 450059999.468	   1.000	1864
61217.830221	 450060001.035	   1.000	1864
61217.830222	 450059999.550	   1.000	1864
61217.830223	 450059997.387	   1.000	1864
61217.830225	 450059991.989	   1.000	1864
61217.830226	 450059985.687	   1.000	1864
61217.830227	 450059983.889	   1.000	1864
61217.830229	 450059979.139	   1.000	1864
61217.830230	 450059974.867	   1.000	1864
61217.830231	 450059970.642	   1.000	1864
61217.830233	 450059965.863	   1.000	1864
61217.830234	 450059960.969	   1.000	1864
61217.830235	 450059954.426	   1.000	1864
61217.830237	 450059944.429	   1.000	1864
61217.830238	 450059942.509	   1.000	1864
61217.830239	 450059947.579	   1.000	1864
61217.830241	 450059949.409	   1.000	1864
61217.830242	 450059948.491	   1.000	1864
61217.830244	 450059946.107	   1.000	1864
61217.830245	 450059944.387	   1.000	1864
61217.830246	 450059948.417	   1.000	1864
61217.830248	 450059950.663	   1.000	1864
61217.830249	 450059947.726	   1.000	1864
61217.830250	 450059948.202	   1.000	1864
61217.830252	 450059942.916	   1.000	1864
61217.830253	 450059940.158	   1.000	1864
61217.830254	 450059936.538	   1.000	1864
61217.830256	 450059930.454	   1.000	1864
61217.830257	 450059927.389	   1.000	1864
61217.830258	 450059929.133	   1.000	1864
61217.830260	 450059929.531	   1.000	1864
61217.830261	 450059929.652	   1.000	1864
61217.830262	 450059934.590	   1.000	1864
61217.830264	 450059938.938	   1.000	1864
61217.830265	 450059947.703	   1.000	1864
61217.830266	 450059956.891	   1.000	1864
61217.830268	 450059957.823	   1.000	1864
61217.830269	 450059955.439	   1.000	1864
61217.830270	 450059954.194	   1.000	1864
61217.830272	 450059961.935	   1.000	1864
61217.830273	 450059970.321	   1.000	1864
61217.830275	 450059980.745	   1.000	1864
61217.830276	 450059987.985	   1.000	1864
61217.830277	 450059986.820	   1.000	1864
61217.830279	 450059984.038	   1.000	1864
61217.830280	 450059984.551	   1.000	1864
61217.830281	 450059988.780	   1.000	1864
61217.830283	 450059994.338	   1.000	1864
61217.830284	 450060001.217	   1.000	1864
61217.830285	 450060002.088	   1.000	1864
61217.830287	 450060001.175	   1.000	1864
61217.830288	 450059997.356	   1.000	1864
61217.830289	 450059994.453	   1.000	1864
61217.830291	 450059992.636	   1.000	1864
61217.830292	 450059993.984	   1.000	1864
61217.830293	 450059995.641	   1.000	1864
61217.830295	 450060000.775	   1.000	1864
61217.830296	 450060005.527	   1.000	1864
61217.830297	 450060010.395	   1.000	1864
61217.830299	 450060010.103	   1.000	1864
61217.830300	 450060011.477	   1.000	1864
61217.830301	 450060014.760	   1.000	1864
61217.830303	 450060014.894	   1.000	1864
61217.830304	 450060015.787	   1.000	1864
61217.830306	 450060018.513	   1.000	1864
61217.830307	 450060021.097	   1.000	1864
61217.830308	 450060018.969	   1.000	1864
61217.830310	 450060019.217	   1.000	1864
61217.830311	 450060015.929	   1.000	1864
61217.830312	 450060016.846	   1.000	1864
61217.830314	 450060020.276	   1.000	1864
61217.830315	 450060015.846	   1.000	1864
61217.830316	 450060009.336	   1.000	1864
61217.830318	 450060003.779	   1.000	1864
61217.830319	 450059998.322	   1.000	1864
61217.830320	 450059994.491	   1.000	1864
61217.830322	 450059995.683	   1.000	1864
61217.830323	 450059996.704	   1.000	1864
61217.830324	 450059996.555	   1.000	1864
61217.830326	 450059992.911	   1.000	1864
61217.830327	 450059991.544	   1.000	1864
61217.830328	 450059994.830	   1.000	1864
61217.830330	 450059997.884	   1.000	1864
61217.830331	 450059997.403	   1.000	1864
61217.830333	 450059992.678	   1.000	1864
61217.830334	 450059980.783	   1.000	1864
61217.830335	 450059967.388	   1.000	1864
61217.830337	 450059962.800	   1.000	1864
61217.830338	 450059961.713	   1.000	1864
61217.830339	 450059964.999	   1.000	1864
61217.830341	 450059961.296	   1.000	1864
61217.830342	 450059957.443	   1.000	1864
61217.830343	 450059952.361	   1.000	1864
61217.830345	 450059949.287	   1.000	1864
61217.830346	 450059948.486	   1.000	1864
61217.830347	 450059943.768	   1.000	1864
61217.830349	 450059941.426	   1.000	1864
61217.830350	 450059942.072	   1.000	1864
61217.830351	 450059941.607	   1.000	1864
61217.830353	 450059941.115	   1.000	1864
61217.830354	 450059940.847	   1.000	1864
61217.830355	 450059939.985	   1.000	1864
61217.830357	 450059942.434	   1.000	1864
61217.830358	 450059946.086	   1.000	1864
61217.830359	 450059950.969	   1.000	1864
61217.830361	 450059953.214	   1.000	1864
61217.830362	 450059954.724	   1.000	1864
61217.830364	 450059950.547	   1.000	1864
61217.830365	 450059945.112	   1.000	1864
61217.830366	 450059943.079	   1.000	1864
61217.830368	 450059943.572	   1.000	1864
61217.830369	 450059945.052	   1.000	1864
61217.830370	 450059949.182	   1.000	1864
61217.830372	 450059951.926	   1.000	1864
61217.830373	 450059953.187	   1.000	1864
61217.830374	 450059954.248	   1.000	1864
61217.830376	 450059953.326	   1.000	1864
61217.830377	 450059955.450	   1.000	1864
61217.830378	 450059957.813	   1.000	1864
61217.830380	 450059964.535	   1.000	1864
61217.830381	 450059970.114	   1.000	1864
61217.830382	 450059971.478	   1.000	1864
61217.830384	 450059969.942	   1.000	1864
61217.830385	 450059971.982	   1.000	1864
61217.830386	 450059978.674	   1.000	1864
61217.830388	 450059985.099	   1.000	1864
61217.830389	 450059990.494	   1.000	1864
61217.830390	 450059989.051	   1.000	1864
61217.830392	 450059988.702	   1.000	1864
61217.830393	 450059991.560	   1.000	1864
61217.830395	 450059994.226	   1.000	1864
61217.830396	 450059995.639	   1.000	1864
61217.830397	 450059992.167	   1.000	1864
61217.830399	 450059989.261	   1.000	1864
61217.830400	 450059983.895	   1.000	1864
61217.830401	 450059979.311	   1.000	1864
61217.830403	 450059977.471	   1.000	1864
61217.830404	 450059977.154	   1.000	1864
61217.830405	 450059978.404	   1.000	1864
61217.830407	 450059977.343	   1.000	1864
61217.830408	 450059972.468	   1.000	1864
61217.830409	 450059969.339	   1.000	1864
61217.830411	 450059966.898	   1.000	1864
61217.830412	 450059961.960	   1.000	1864
61217.830413	 450059954.526	   1.000	1864
61217.830415	 450059949.048	   1.000	1864
61217.830416	 450059949.476	   1.000	1864
61217.830417	 450059947.899	   1.000	1864
61217.830419	 450059941.744	   1.000	1864
61217.830420	 450059929.101	   1.000	1864
61217.830421	 450059918.765	   1.000	1864
61217.830423	 450059914.951	   1.000	1864
61217.830424	 450059912.690	   1.000	1864
61217.830426	 450059914.108	   1.000	1864
61217.830427	 450059915.341	   1.000	1864
61217.830428	 450059915.349	   1.000	1864
61217.830430	 450059916.516	   1.000	1864
61217.830431	 450059916.504	   1.000	1864
61217.830432	 450059919.242	   1.000	1864
61217.830434	 450059919.433	   1.000	1864
61217.830435	 450059919.669	   1.000	1864
61217.830436	 450059920.971	   1.000	1864
61217.830438	 450059916.280	   1.000	1864
61217.830439	 450059907.893	   1.000	1864
61217.830440	 450059909.953	   1.000	1864
61217.830442	 450059917.676	   1.000	1864
61217.830443	 450059926.347	   1.000	1864
61217.830444	 450059934.685	   1.000	1864
61217.830446	 450059942.045	   1.000	1864
61217.830447	 450059946.643	   1.000	1864
61217.830448	 450059953.181	   1.000	1864
61217.830450	 450059959.080	   1.000	1864
61217.830451	 450059965.168	   1.000	1864
61217.830453	 450059974.052	   1.000	1864
61217.830454	 450059980.200	   1.000	1864
61217.830455	 450059979.944	   1.000	1864
61217.830457	 450059980.170	   1.000	1864
61217.830458	 450059981.036	   1.000	1864
61217.830459	 450059984.333	   1.000	1864
61217.830461	 450059985.558	   1.000	1864
61217.830462	 450059988.722	   1.000	1864
61217.830463	 450059993.183	   1.000	1864
61217.830465	 450059994.468	   1.000	1864
61217.830466	 450059999.856	   1.000	1864
61217.830467	 450060001.016	   1.000	1864
61217.830469	 450059998.003	   1.000	1864
61217.830470	 450059993.152	   1.000	1864
61217.830471	 450059989.072	   1.000	1864
61217.830473	 450059985.120	   1.000	1864
61217.830474	 450059978.909	   1.000	1864
61217.830475	 450059975.999	   1.000	1864
61217.830477	 450059973.785	   1.000	1864
61217.830478	 450059969.677	   1.000	1864
61217.830479	 450059961.529	   1.000	1864
61217.830481	 450059954.751	   1.000	1864
61217.830482	 450059948.511	   1.000	1864
61217.830484	 450059942.538	   1.000	1864
61217.830485	 450059936.351	   1.000	1864
61217.830486	 450059927.815	   1.000	1864
61217.830488	 450059920.942	   1.000	1864
61217.830489	 450059921.454	   1.000	1864
61217.830490	 450059922.961	   1.000	1864
61217.830492	 450059924.521	   1.000	1864
61217.830493	 450059925.434	   1.000	1864
61217.830494	 450059927.373	   1.000	1864
61217.830496	 450059927.273	   1.000	1864
61217.830497	 450059924.512	   1.000	1864
61217.830498	 450059919.545	   1.000	1864
61217.830500	 450059915.979	   1.000	1864
61217.830501	 450059910.566	   1.000	1864
61217.830502	 450059909.718	   1.000	1864
61217.830504	 450059913.438	   1.000	1864
61217.830505	 450059919.982	   1.000	1864
61217.830506	 450059931.720	   1.000	1864
61217.830508	 450059946.823	   1.000	1864
61217.830509	 450059955.896	   1.000	1864
61217.830510	 450059964.275	   1.000	1864
61217.830512	 450059973.869	   1.000	1864
61217.830513	 450059982.339	   1.000	1864
61217.830515	 450059988.396	   1.000	1864
61217.830516	 450059995.465	   1.000	1864
61217.830517	 450059999.070	   1.000	1864
61217.830519	 450060003.653	   1.000	1864
61217.830520	 450060008.495	   1.000	1864
61217.830521	 450060012.025	   1.000	1864
61217.830523	 450060014.524	   1.000	1864
61217.830524	 450060017.775	   1.000	1864
61217.830525	 450060020.646	   1.000	1864
61217.830527	 450060025.305	   1.000	1864
61217.830528	 450060029.409	   1.000	1864
61217.830529	 450060028.881	   1.000	1864
61217.830531	 450060024.014	   1.000	1864
61217.830532	 450060018.739	   1.000	1864
61217.830533	 450060019.628	   1.000	1864
61217.830535	 450060017.847	   1.000	1864
61217.830536	 450060015.565	   1.000	1864
61217.830537	 450060011.068	   1.000	1864
61217.830539	 450060002.881	   1.000	1864
61217.830540	 450059995.092	   1.000	1864
61217.830542	 450059991.355	   1.000	1864
61217.830543	 450059989.061	   1.000	1864
61217.830544	 450059987.518	   1.000	1864
61217.830546	 450059983.674	   1.000	1864
61217.830547	 450059978.597	   1.000	1864
61217.830548	 450059967.659	   1.000	1864
61217.830550	 450059959.294	   1.000	1864
61217.830551	 450059953.441	   1.000	1864
61217.830552	 450059952.805	   1.000	1864
61217.830554	 450059952.842	   1.000	1864
61217.830555	 450059954.822	   1.000	1864
61217.830556	 450059953.818	   1.000	1864
61217.830558	 450059953.841	   1.000	1864
61217.830559	 450059954.061	   1.000	1864
61217.830560	 450059951.901	   1.000	1864
61217.830562	 450059951.834	   1.000	1864
61217.830563	 450059949.715	   1.000	1864
61217.830564	 450059950.613	   1.000	1864
61217.830566	 450059953.692	   1.000	1864
61217.830567	 450059959.406	   1.000	1864
61217.830568	 450059967.560	   1.000	1864
61217.830570	 450059978.188	   1.000	1864
61217.830571	 450059988.170	   1.000	1864
61217.830573	 450059992.776	   1.000	1864
61217.830574	 450059999.578	   1.000	1864
61217.830575	 450060004.197	   1.000	1864
61217.830577	 450060007.717	   1.000	1864
61217.830578	 450060009.539	   1.000	1864
61217.830579	 450060008.016	   1.000	1864
61217.830581	 450060003.368	   1.000	1864
61217.830582	 450060000.512	   1.000	1864
61217.830583	 450059997.260	   1.000	1864
61217.830585	 450059997.017	   1.000	1864
61217.830586	 450060007.179	   1.000	1864
61217.830587	 450060017.214	   1.000	1864
61217.830589	 450060020.726	   1.000	1864
61217.830590	 450060019.278	   1.000	1864
61217.830591	 450060012.670	   1.000	1864
61217.830593	 450060010.791	   1.000	1864
61217.830594	 450060007.428	   1.000	1864
61217.830595	 450060000.161	   1.000	1864
61217.830597	 450059994.737	   1.000	1864
61217.830598	 450059996.171	   1.000	1864
61217.830599	 450059997.833	   1.000	1864
61217.830601	 450059995.257	   1.000	1864
61217.830602	 450059992.486	   1.000	1864
61217.830604	 450059987.302	   1.000	1864
61217.830605	 450059981.784	   1.000	1864
61217.830606	 450059978.559	   1.000	1864
61217.830608	 450059978.376	   1.000	1864
61217.830609	 450059980.434	   1.000	1864
61217.830610	 450059976.635	   1.000	1864
61217.830612	 450059970.654	   1.000	1864
61217.830613	 450059960.991	   1.000	1864
61217.830614	 450059954.039	   1.000	1864
61217.830616	 450059948.028	   1.000	1864
61217.830617	 450059948.636	   1.000	1864
61217.830618	 450059950.037	   1.000	1864
61217.830620	 450059949.934	   1.000	1864
61217.830621	 450059944.331	   1.000	1864
61217.830622	 450059933.766	   1.000	1864
61217.830624	 450059923.171	   1.000	1864
61217.830625	 450059917.705	   1.000	1864
61217.830626	 450059918.520	   1.000	1864
61217.830628	 450059920.685	   1.000	1864
61217.830629	 450059921.080	   1.000	1864
61217.830631	 450059921.290	   1.000	1864
61217.830632	 450059918.994	   1.000	1864
61217.830633	 450059916.113	   1.000	1864
61217.830635	 450059913.724	   1.000	1864
61217.830636	 450059911.836	   1.000	1864
61217.830637	 450059906.562	   1.000	1864
61217.830639	 450059901.316	   1.000	1864
61217.830640	 450059897.380	   1.000	1864
61217.830641	 450059895.238	   1.000	1864
61217.830643	 450059888.803	   1.000	1864
61217.830644	 450059881.267	   1.000	1864
61217.830645	 450059873.882	   1.000	1864
61217.830647	 450059869.433	   1.000	1864
61217.830648	 450059867.518	   1.000	1864
61217.830649	 450059872.040	   1.000	1864
61217.830651	 450059878.222	   1.000	1864
61217.830652	 450059890.646	   1.000	1864
61217.830653	 450059902.819	   1.000	1864
61217.830655	 450059906.569	   1.000	1864
61217.830656	 450059904.378	   1.000	1864
61217.830657	 450059901.124	   1.000	1864
61217.830659	 450059902.214	   1.000	1864
61217.830660	 450059909.626	   1.000	1864
61217.830662	 450059916.300	   1.000	1864
61217.830663	 450059920.683	   1.000	1864
61217.830664	 450059926.926	   1.000	1864
61217.830666	 450059935.881	   1.000	1864
61217.830667	 450059942.153	   1.000	1864
61217.830668	 450059944.895	   1.000	1864
61217.830670	 450059952.934	   1.000	1864
61217.830671	 450059958.735	   1.000	1864
61217.830672	 450059966.132	   1.000	1864
61217.830674	 450059970.177	   1.000	1864
61217.830675	 450059972.147	   1.000	1864
61217.830676	 450059972.273	   1.000	1864
61217.830678	 450059969.463	   1.000	1864
61217.830679	 450059972.082	   1.000	1864
61217.830680	 450059977.793	   1.000	1864
61217.830682	 450059982.951	   1.000	1864
61217.830683	 450059977.283	   1.000	1864
61217.830684	 450059968.090	   1.000	1864
61217.830686	 450059960.276	   1.000	1864
61217.830687	 450059952.910	   1.000	1864
61217.830688	 450059952.612	   1.000	1864
61217.830690	 450059957.010	   1.000	1864
61217.830691	 450059960.202	   1.000	1864
61217.830693	 450059962.968	   1.000	1864
61217.830694	 450059959.975	   1.000	1864
61217.830695	 450059952.260	   1.000	1864
61217.830697	 450059948.325	   1.000	1864
61217.830698	 450059946.633	   1.000	1864
61217.830699	 450059941.880	   1.000	1864
61217.830701	 450059937.123	   1.000	1864
61217.830702	 450059932.353	   1.000	1864
61217.830703	 450059929.703	   1.000	1864
61217.830705	 450059924.478	   1.000	1864
61217.830706	 450059919.249	   1.000	1864
61217.830707	 450059913.175	   1.000	1864
61217.830709	 450059908.626	   1.000	1864
61217.830710	 450059907.738	   1.000	1864
61217.830711	 450059909.007	   1.000	1864
61217.830713	 450059909.046	   1.000	1864
61217.830714	 450059906.228	   1.000	1864
61217.830715	 450059904.679	   1.000	1864
61217.830717	 450059908.065	   1.000	1864
61217.830718	 450059913.333	   1.000	1864
61217.830720	 450059916.693	   1.000	1864
61217.830721	 450059914.712	   1.000	1864
61217.830722	 450059911.894	   1.000	1864
61217.830724	 450059909.261	   1.000	1864
61217.830725	 450059908.086	   1.000	1864
61217.830726	 450059909.881	   1.000	1864
61217.830728	 450059910.152	   1.000	1864
61217.830729	 450059911.249	   1.000	1864
61217.830730	 450059910.529	   1.000	1864
61217.830732	 450059912.706	   1.000	1864
61217.830733	 450059917.994	   1.000	1864
61217.830734	 450059918.830	   1.000	1864
61217.830736	 450059921.800	   1.000	1864
61217.830737	 450059928.433	   1.000	1864
61217.830738	 450059935.325	   1.000	1864
61217.830740	 450059941.786	   1.000	1864
61217.830741	 450059946.856	   1.000	1864
61217.830742	 450059946.094	   1.000	1864
61217.830744	 450059946.168	   1.000	1864
61217.830745	 450059949.400	   1.000	1864
61217.830746	 450059953.465	   1.000	1864
61217.830748	 450059952.580	   1.000	1864
61217.830749	 450059946.728	   1.000	1864
61217.830751	 450059941.654	   1.000	1864
61217.830752	 450059944.873	   1.000	1864
61217.830753	 450059950.000	   1.000	1864
61217.830755	 450059957.292	   1.000	1864
61217.830756	 450059967.846	   1.000	1864
61217.830757	 450059971.525	   1.000	1864
61217.830759	 450059967.486	   1.000	1864
61217.830760	 450059964.865	   1.000	1864
61217.830761	 450059959.588	   1.000	1864
61217.830763	 450059960.701	   1.000	1864
61217.830764	 450059963.672	   1.000	1864
61217.830765	 450059963.109	   1.000	1864
61217.830767	 450059960.642	   1.000	1864
61217.830768	 450059959.059	   1.000	1864
61217.830769	 450059959.007	   1.000	1864
61217.830771	 450059959.186	   1.000	1864
61217.830772	 450059958.054	   1.000	1864
61217.830773	 450059962.188	   1.000	1864
61217.830775	 450059966.670	   1.000	1864
61217.830776	 450059967.538	   1.000	1864
61217.830777	 450059969.660	   1.000	1864
61217.830779	 450059970.034	   1.000	1864
61217.830780	 450059971.159	   1.000	1864
61217.830782	 450059970.461	   1.000	1864
61217.830783	 450059969.105	   1.000	1864
61217.830784	 450059970.177	   1.000	1864
61217.830786	 450059969.829	   1.000	1864
61217.830787	 450059958.624	   1.000	1864
61217.830788	 450059950.097	   1.000	1864
61217.830790	 450059948.923	   1.000	1864
61217.830791	 450059946.738	   1.000	1864
61217.830792	 450059944.849	   1.000	1864
61217.830794	 450059943.265	   1.000	1864
61217.830795	 450059940.927	   1.000	1864
61217.830796	 450059940.424	   1.000	1864
61217.830798	 450059940.704	   1.000	1864
61217.830799	 450059941.788	   1.000	1864
61217.830800	 450059941.541	   1.000	1864
61217.830802	 450059940.186	   1.000	1864
61217.830803	 450059942.196	   1.000	1864
61217.830804	 450059943.666	   1.000	1864
61217.830806	 450059948.846	   1.000	1864
61217.830807	 450059952.552	   1.000	1864
61217.830808	 450059952.185	   1.000	1864
61217.830810	 450059946.421	   1.000	1864
61217.830811	 450059947.457	   1.000	1864
61217.830813	 450059950.808	   1.000	1864
61217.830814	 450059951.320	   1.000	1864
61217.830815	 450059947.907	   1.000	1864
61217.830817	 450059944.856	   1.000	1864
61217.830818	 450059949.455	   1.000	1864
61217.830819	 450059953.123	   1.000	1864
61217.830821	 450059956.731	   1.000	1864
61217.830822	 450059963.228	   1.000	1864
61217.830823	 450059968.754	   1.000	1864
61217.830825	 450059968.624	   1.000	1864
61217.830826	 450059968.849	   1.000	1864
61217.830827	 450059969.679	   1.000	1864
61217.830829	 450059966.862	   1.000	1864
61217.830830	 450059969.250	   1.000	1864
61217.830831	 450059972.136	   1.000	1864
61217.830833	 450059974.024	   1.000	1864
61217.830834	 450059974.696	   1.000	1864
61217.830835	 450059973.100	   1.000	1864
61217.830837	 450059972.279	   1.000	1864
61217.830838	 450059975.869	   1.000	1864
61217.830840	 450059977.646	   1.000	1864
61217.830841	 450059982.107	   1.000	1864
61217.830842	 450059980.437	   1.000	1864
61217.830844	 450059977.100	   1.000	1864
61217.830845	 450059980.590	   1.000	1864
61217.830846	 450059980.516	   1.000	1864
61217.830848	 450059977.912	   1.000	1864
61217.830849	 450059965.625	   1.000	1864
61217.830850	 450059957.765	   1.000	1864
61217.830852	 450059953.435	   1.000	1864
61217.830853	 450059947.030	   1.000	1864
61217.830854	 450059939.563	   1.000	1864
61217.830856	 450059939.834	   1.000	1864
61217.830857	 450059944.660	   1.000	1864
61217.830858	 450059944.917	   1.000	1864
61217.830860	 450059947.218	   1.000	1864
61217.830861	 450059949.212	   1.000	1864
61217.830862	 450059949.840	   1.000	1864
61217.830864	 450059953.825	   1.000	1864
61217.830865	 450059958.588	   1.000	1864
61217.830866	 450059963.925	   1.000	1864
61217.830868	 450059969.641	   1.000	1864
61217.830869	 450059977.080	   1.000	1864
61217.830871	 450059982.285	   1.000	1864
61217.830872	 450059982.301	   1.000	1864
61217.830873	 450059984.229	   1.000	1864
61217.830875	 450059983.961	   1.000	1864
61217.830876	 450059982.322	   1.000	1864
61217.830877	 450059981.893	   1.000	1864
61217.830879	 450059984.195	   1.000	1864
61217.830880	 450059986.870	   1.000	1864
61217.830881	 450059987.099	   1.000	1864
61217.830883	 450059988.075	   1.000	1864
61217.830884	 450059997.710	   1.000	1864
61217.830885	 450060007.929	   1.000	1864
61217.830887	 450060012.818	   1.000	1864
61217.830888	 450060016.666	   1.000	1864
61217.830889	 450060013.922	   1.000	1864
61217.830891	 450060004.880	   1.000	1864
61217.830892	 450059998.455	   1.000	1864
61217.830893	 450059993.331	   1.000	1864
61217.830895	 450059985.225	   1.000	1864
61217.830896	 450059976.721	   1.000	1864
61217.830897	 450059969.575	   1.000	1864
61217.830899	 450059966.170	   1.000	1864
61217.830900	 450059960.000	   1.000	1864
61217.830902	 450059953.431	   1.000	1864
61217.830903	 450059947.526	   1.000	1864
61217.830904	 450059943.581	   1.000	1864
61217.830906	 450059941.022	   1.000	1864
61217.830907	 450059933.056	   1.000	1864
61217.830908	 450059927.815	   1.000	1864
61217.830910	 450059922.478	   1.000	1864
61217.830911	 450059920.005	   1.000	1864
61217.830912	 450059918.063	   1.000	1864
61217.830914	 450059907.769	   1.000	1864
61217.830915	 450059901.079	   1.000	1864
61217.830916	 450059895.674	   1.000	1864
61217.830918	 450059892.506	   1.000	1864
61217.830919	 450059888.633	   1.000	1864
61217.830920	 450059886.189	   1.000	1864
61217.830922	 450059887.548	   1.000	1864
61217.830923	 450059891.440	   1.000	1864
61217.830924	 450059897.664	   1.000	1864
61217.830926	 450059901.042	   1.000	1864
61217.830927	 450059901.639	   1.000	1864
61217.830929	 450059904.142	   1.000	1864
61217.830930	 450059910.241	   1.000	1864
61217.830931	 450059918.477	   1.000	1864
61217.830933	 450059921.757	   1.000	1864
61217.830934	 450059919.255	   1.000	1864
61217.830935	 450059913.763	   1.000	1864
61217.830937	 450059908.650	   1.000	1864
61217.830938	 450059904.689	   1.000	1864
61217.830939	 450059907.613	   1.000	1864
61217.830941	 450059916.362	   1.000	1864
61217.830942	 450059922.830	   1.000	1864
61217.830943	 450059928.101	   1.000	1864
61217.830945	 450059932.442	   1.000	1864
61217.830946	 450059937.369	   1.000	1864
61217.830947	 450059945.017	   1.000	1864
61217.830949	 450059951.533	   1.000	1864
61217.830950	 450059955.867	   1.000	1864
61217.830951	 450059958.252	   1.000	1864
61217.830953	 450059955.608	   1.000	1864
61217.830954	 450059954.310	   1.000	1864
61217.830955	 450059951.941	   1.000	1864
61217.830957	 450059946.330	   1.000	1864
61217.830958	 450059947.376	   1.000	1864
61217.830960	 450059952.870	   1.000	1864
61217.830961	 450059954.229	   1.000	1864
61217.830962	 450059952.563	   1.000	1864
61217.830964	 450059950.931	   1.000	1864
61217.830965	 450059949.792	   1.000	1864
61217.830966	 450059950.632	   1.000	1864
61217.830968	 450059948.523	   1.000	1864
61217.830969	 450059949.828	   1.000	1864
61217.830970	 450059954.060	   1.000	1864
61217.830972	 450059955.022	   1.000	1864
61217.830973	 450059952.924	   1.000	1864
61217.830974	 450059950.594	   1.000	1864
61217.830976	 450059948.724	   1.000	1864
61217.830977	 450059946.468	   1.000	1864
61217.830978	 450059943.370	   1.000	1864
61217.830980	 450059939.745	   1.000	1864
61217.830981	 450059935.105	   1.000	1864
61217.830982	 450059935.869	   1.000	1864
61217.830984	 450059936.345	   1.000	1864
61217.830985	 450059934.966	   1.000	1864
61217.830986	 450059935.897	   1.000	1864
61217.830988	 450059934.079	   1.000	1864
61217.830989	 450059933.371	   1.000	1864
61217.830991	 450059930.327	   1.000	1864
61217.830992	 450059928.360	   1.000	1864
61217.830993	 450059929.109	   1.000	1864
61217.830995	 450059931.881	   1.000	1864
61217.830996	 450059937.981	   1.000	1864
61217.830997	 450059942.762	   1.000	1864
61217.830999	 450059942.111	   1.000	1864
61217.831000	 450059938.098	   1.000	1864
61217.831001	 450059935.690	   1.000	1864
61217.831003	 450059936.873	   1.000	1864
61217.831004	 450059942.358	   1.000	1864
61217.831005	 450059948.526	   1.000	1864
61217.831007	 450059952.825	   1.000	1864
61217.831008	 450059954.810	   1.000	1864
61217.831009	 450059952.747	   1.000	1864
61217.831011	 450059951.340	   1.000	1864
61217.831012	 450059950.581	   1.000	1864
61217.831013	 450059951.748	   1.000	1864
61217.831015	 450059951.679	   1.000	1864
61217.831016	 450059945.894	   1.000	1864
61217.831018	 450059938.240	   1.000	1864
61217.831019	 450059933.857	   1.000	1864
61217.831020	 450059935.075	   1.000	1864
61217.831022	 450059935.631	   1.000	1864
61217.831023	 450059935.286	   1.000	1864
61217.831024	 450059936.156	   1.000	1864
61217.831026	 450059938.463	   1.000	1864
61217.831027	 450059940.878	   1.000	1864
61217.831028	 450059942.500	   1.000	1864
61217.831030	 450059941.829	   1.000	1864
61217.831031	 450059944.857	   1.000	1864
61217.831032	 450059944.161	   1.000	1864
61217.831034	 450059945.153	   1.000	1864
61217.831035	 450059948.918	   1.000	1864
61217.831036	 450059951.769	   1.000	1864
61217.831038	 450059951.158	   1.000	1864
61217.831039	 450059946.638	   1.000	1864
61217.831040	 450059941.569	   1.000	1864
61217.831042	 450059938.780	   1.000	1864
61217.831043	 450059937.400	   1.000	1864
61217.831044	 450059936.816	   1.000	1864
61217.831046	 450059941.751	   1.000	1864
61217.831047	 450059945.709	   1.000	1864
61217.831049	 450059947.201	   1.000	1864
61217.831050	 450059949.422	   1.000	1864
61217.831051	 450059951.130	   1.000	1864
61217.831053	 450059949.701	   1.000	1864
61217.831054	 450059946.426	   1.000	1864
61217.831055	 450059947.326	   1.000	1864
61217.831057	 450059952.353	   1.000	1864
61217.831058	 450059954.976	   1.000	1864
61217.831059	 450059958.305	   1.000	1864
61217.831061	 450059958.337	   1.000	1864
61217.831062	 450059957.217	   1.000	1864
61217.831063	 450059956.365	   1.000	1864
61217.831065	 450059958.489	   1.000	1864
61217.831066	 450059955.181	   1.000	1864
61217.831067	 450059951.628	   1.000	1864
61217.831069	 450059948.267	   1.000	1864
61217.831070	 450059945.300	   1.000	1864
61217.831071	 450059941.866	   1.000	1864
61217.831073	 450059940.294	   1.000	1864
61217.831074	 450059943.064	   1.000	1864
61217.831075	 450059944.990	   1.000	1864
61217.831077	 450059945.015	   1.000	1864
61217.831078	 450059945.504	   1.000	1864
61217.831080	 450059941.130	   1.000	1864
61217.831081	 450059935.762	   1.000	1864
61217.831082	 450059931.498	   1.000	1864
61217.831084	 450059929.377	   1.000	1864
61217.831085	 450059935.192	   1.000	1864
61217.831086	 450059943.195	   1.000	1864
61217.831088	 450059950.259	   1.000	1864
61217.831089	 450059953.849	   1.000	1864
61217.831090	 450059954.002	   1.000	1864
61217.831092	 450059953.556	   1.000	1864
61217.831093	 450059952.510	   1.000	1864
61217.831094	 450059953.222	   1.000	1864
61217.831096	 450059952.027	   1.000	1864
61217.831097	 450059947.376	   1.000	1864
61217.831098	 450059946.074	   1.000	1864
61217.831100	 450059946.147	   1.000	1864
61217.831101	 450059950.992	   1.000	1864
61217.831102	 450059950.826	   1.000	1864
61217.831104	 450059948.278	   1.000	1864
61217.831105	 450059946.758	   1.000	1864
61217.831107	 450059944.129	   1.000	1864
61217.831108	 450059941.921	   1.000	1864
61217.831109	 450059945.675	   1.000	1864
61217.831111	 450059948.108	   1.000	1864
61217.831112	 450059948.412	   1.000	1864
61217.831113	 450059951.789	   1.000	1864
61217.831115	 450059950.938	   1.000	1864
61217.831116	 450059950.119	   1.000	1864
61217.831117	 450059950.398	   1.000	1864
61217.831119	 450059949.171	   1.000	1864
61217.831120	 450059947.486	   1.000	1864
61217.831121	 450059945.343	   1.000	1864
61217.831123	 450059944.263	   1.000	1864
61217.831124	 450059939.504	   1.000	1864
61217.831125	 450059932.961	   1.000	1864
61217.831127	 450059926.118	   1.000	1864
61217.831128	 450059924.134	   1.000	1864
61217.831129	 450059926.174	   1.000	1864
61217.831131	 450059926.697	   1.000	1864
61217.831132	 450059926.532	   1.000	1864
61217.831133	 450059922.627	   1.000	1864
61217.831135	 450059922.076	   1.000	1864
61217.831136	 450059922.961	   1.000	1864
61217.831138	 450059925.520	   1.000	1864
61217.831139	 450059928.706	   1.000	1864
61217.831140	 450059935.134	   1.000	1864
61217.831142	 450059940.107	   1.000	1864
61217.831143	 450059937.139	   1.000	1864
61217.831144	 450059935.444	   1.000	1864
61217.831146	 450059932.836	   1.000	1864
61217.831147	 450059930.568	   1.000	1864
61217.831148	 450059935.928	   1.000	1864
61217.831150	 450059943.118	   1.000	1864
61217.831151	 450059950.629	   1.000	1864
61217.831152	 450059958.018	   1.000	1864
61217.831154	 450059958.809	   1.000	1864
61217.831155	 450059960.652	   1.000	1864
61217.831156	 450059955.891	   1.000	1864
61217.831158	 450059952.234	   1.000	1864
61217.831159	 450059953.299	   1.000	1864
61217.831160	 450059956.943	   1.000	1864
61217.831162	 450059961.876	   1.000	1864
61217.831163	 450059965.763	   1.000	1864
61217.831164	 450059968.818	   1.000	1864
61217.831166	 450059975.786	   1.000	1864
61217.831167	 450059980.474	   1.000	1864
61217.831169	 450059980.842	   1.000	1864
61217.831170	 450059978.759	   1.000	1864
61217.831171	 450059978.358	   1.000	1864
61217.831173	 450059977.958	   1.000	1864
61217.831174	 450059977.548	   1.000	1864
61217.831175	 450059978.419	   1.000	1864
61217.831177	 450059981.860	   1.000	1864
61217.831178	 450059981.182	   1.000	1864
61217.831179	 450059981.704	   1.000	1864
61217.831181	 450059984.734	   1.000	1864
61217.831182	 450059984.740	   1.000	1864
61217.831183	 450059981.137	   1.000	1864
61217.831185	 450059977.810	   1.000	1864
61217.831186	 450059974.510	   1.000	1864
61217.831187	 450059969.955	   1.000	1864
61217.831189	 450059966.467	   1.000	1864
61217.831190	 450059960.613	   1.000	1864
61217.831191	 450059954.128	   1.000	1864
61217.831193	 450059949.580	   1.000	1864
61217.831194	 450059946.719	   1.000	1864
61217.831196	 450059946.804	   1.000	1864
61217.831197	 450059948.273	   1.000	1864
61217.831198	 450059947.278	   1.000	1864
61217.831200	 450059946.648	   1.000	1864
61217.831201	 450059945.296	   1.000	1864
61217.831202	 450059944.272	   1.000	1864
61217.831204	 450059944.623	   1.000	1864
61217.831205	 450059945.044	   1.000	1864
61217.831206	 450059945.491	   1.000	1864
61217.831208	 450059946.029	   1.000	1864
61217.831209	 450059948.742	   1.000	1864
61217.831210	 450059952.110	   1.000	1864
61217.831212	 450059958.532	   1.000	1864
61217.831213	 450059962.425	   1.000	1864
61217.831214	 450059969.933	   1.000	1864
61217.831216	 450059975.270	   1.000	1864
61217.831217	 450059977.400	   1.000	1864
61217.831218	 450059978.476	   1.000	1864
61217.831220	 450059978.263	   1.000	1864
61217.831221	 450059978.662	   1.000	1864
61217.831222	 450059978.358	   1.000	1864
61217.831224	 450059976.091	   1.000	1864
61217.831225	 450059980.425	   1.000	1864
61217.831227	 450059982.662	   1.000	1864
61217.831228	 450059982.828	   1.000	1864
61217.831229	 450059982.000	   1.000	1864
61217.831231	 450059979.946	   1.000	1864
61217.831232	 450059980.100	   1.000	1864
61217.831233	 450059983.524	   1.000	1864
61217.831235	 450059978.646	   1.000	1864
61217.831236	 450059974.056	   1.000	1864
61217.831237	 450059969.512	   1.000	1864
61217.831239	 450059966.087	   1.000	1864
61217.831240	 450059965.038	   1.000	1864
61217.831241	 450059965.296	   1.000	1864
61217.831243	 450059964.506	   1.000	1864
61217.831244	 450059962.898	   1.000	1864
61217.831245	 450059958.329	   1.000	1864
61217.831247	 450059955.032	   1.000	1864
61217.831248	 450059953.353	   1.000	1864
61217.831249	 450059950.221	   1.000	1864
61217.831251	 450059947.995	   1.000	1864
61217.831252	 450059947.377	   1.000	1864
61217.831253	 450059944.357	   1.000	1864
61217.831255	 450059939.175	   1.000	1864
61217.831256	 450059937.629	   1.000	1864
61217.831258	 450059933.712	   1.000	1864
61217.831259	 450059930.210	   1.000	1864
61217.831260	 450059930.213	   1.000	1864
61217.831262	 450059931.363	   1.000	1864
61217.831263	 450059934.260	   1.000	1864
61217.831264	 450059938.510	   1.000	1864
61217.831266	 450059938.981	   1.000	1864
61217.831267	 450059941.448	   1.000	1864
61217.831268	 450059945.091	   1.000	1864
61217.831270	 450059945.687	   1.000	1864
61217.831271	 450059946.074	   1.000	1864
61217.831272	 450059949.473	   1.000	1864
61217.831274	 450059954.109	   1.000	1864
61217.831275	 450059959.836	   1.000	1864
61217.831276	 450059963.185	   1.000	1864
61217.831278	 450059965.254	   1.000	1864
61217.831279	 450059964.539	   1.000	1864
61217.831280	 450059963.155	   1.000	1864
61217.831282	 450059963.510	   1.000	1864
61217.831283	 450059959.729	   1.000	1864
61217.831284	 450059962.111	   1.000	1864
61217.831286	 450059959.346	   1.000	1864
61217.831287	 450059953.626	   1.000	1864
61217.831289	 450059951.001	   1.000	1864
61217.831290	 450059946.274	   1.000	1864
61217.831291	 450059943.930	   1.000	1864
61217.831293	 450059941.350	   1.000	1864
61217.831294	 450059938.217	   1.000	1864
61217.831295	 450059939.051	   1.000	1864
61217.831297	 450059939.182	   1.000	1864
61217.831298	 450059937.818	   1.000	1864
61217.831299	 450059934.091	   1.000	1864
61217.831301	 450059928.276	   1.000	1864
61217.831302	 450059920.126	   1.000	1864
61217.831303	 450059923.529	   1.000	1864
61217.831305	 450059927.804	   1.000	1864
61217.831306	 450059930.418	   1.000	1864
61217.831307	 450059933.559	   1.000	1864
61217.831309	 450059934.695	   1.000	1864
61217.831310	 450059933.878	   1.000	1864
61217.831311	 450059932.454	   1.000	1864
61217.831313	 450059929.896	   1.000	1864
61217.831314	 450059927.118	   1.000	1864
61217.831316	 450059923.090	   1.000	1864
61217.831317	 450059917.115	   1.000	1864
61217.831318	 450059909.791	   1.000	1864
61217.831320	 450059901.116	   1.000	1864
61217.831321	 450059894.725	   1.000	1864
61217.831322	 450059890.843	   1.000	1864
61217.831324	 450059887.574	   1.000	1864
61217.831325	 450059882.541	   1.000	1864
61217.831326	 450059881.311	   1.000	1864
61217.831328	 450059882.871	   1.000	1864
61217.831329	 450059885.099	   1.000	1864
61217.831330	 450059885.665	   1.000	1864
61217.831332	 450059884.372	   1.000	1864
61217.831333	 450059882.026	   1.000	1864
61217.831334	 450059880.767	   1.000	1864
61217.831336	 450059882.498	   1.000	1864
61217.831337	 450059884.416	   1.000	1864
61217.831338	 450059888.088	   1.000	1864
61217.831340	 450059887.612	   1.000	1864
61217.831341	 450059885.598	   1.000	1864
61217.831342	 450059881.617	   1.000	1864
61217.831344	 450059876.708	   1.000	1864
61217.831345	 450059873.418	   1.000	1864
61217.831347	 450059869.617	   1.000	1864
61217.831348	 450059867.625	   1.000	1864
61217.831349	 450059866.134	   1.000	1864
61217.831351	 450059867.017	   1.000	1864
61217.831352	 450059871.119	   1.000	1864
61217.831353	 450059869.627	   1.000	1864
61217.831355	 450059872.211	   1.000	1864
61217.831356	 450059877.730	   1.000	1864
61217.831357	 450059879.549	   1.000	1864
61217.831359	 450059881.322	   1.000	1864
61217.831360	 450059881.975	   1.000	1864
61217.831361	 450059882.552	   1.000	1864
61217.831363	 450059883.096	   1.000	1864
61217.831364	 450059880.979	   1.000	1864
61217.831365	 450059880.606	   1.000	1864
61217.831367	 450059881.062	   1.000	1864
61217.831368	 450059886.240	   1.000	1864
61217.831369	 450059894.973	   1.000	1864
61217.831371	 450059904.911	   1.000	1864
61217.831372	 450059911.736	   1.000	1864
61217.831373	 450059916.817	   1.000	1864
61217.831375	 450059920.110	   1.000	1864
61217.831376	 450059921.560	   1.000	1864
61217.831378	 450059922.171	   1.000	1864
61217.831379	 450059925.312	   1.000	1864
61217.831380	 450059927.283	   1.000	1864
61217.831382	 450059931.903	   1.000	1864
61217.831383	 450059938.602	   1.000	1864
61217.831384	 450059946.303	   1.000	1864
61217.831386	 450059952.455	   1.000	1864
61217.831387	 450059956.008	   1.000	1864
61217.831388	 450059959.760	   1.000	1864
61217.831390	 450059963.702	   1.000	1864
61217.831391	 450059969.728	   1.000	1864
61217.831392	 450059977.615	   1.000	1864
61217.831394	 450059983.979	   1.000	1864
61217.831395	 450059988.593	   1.000	1864
61217.831396	 450059991.200	   1.000	1864
61217.831398	 450059993.112	   1.000	1864
61217.831399	 450059995.653	   1.000	1864
61217.831400	 450059995.605	   1.000	1864
61217.831402	 450059993.436	   1.000	1864
61217.831403	 450059990.417	   1.000	1864
61217.831405	 450059981.550	   1.000	1864
61217.831406	 450059972.340	   1.000	1864
61217.831407	 450059968.013	   1.000	1864
61217.831409	 450059968.774	   1.000	1864
61217.831410	 450059970.117	   1.000	1864
61217.831411	 450059970.794	   1.000	1864
61217.831413	 450059969.999	   1.000	1864
61217.831414	 450059971.349	   1.000	1864
61217.831415	 450059973.569	   1.000	1864
61217.831417	 450059974.361	   1.000	1864
61217.831418	 450059975.885	   1.000	1864
61217.831419	 450059974.050	   1.000	1864
61217.831421	 450059964.156	   1.000	1864
61217.831422	 450059953.467	   1.000	1864
61217.831423	 450059945.396	   1.000	1864
61217.831425	 450059937.568	   1.000	1864
61217.831426	 450059930.445	   1.000	1864
61217.831427	 450059924.500	   1.000	1864
61217.831429	 450059924.280	   1.000	1864
61217.831430	 450059918.252	   1.000	1864
61217.831431	 450059914.163	   1.000	1864
61217.831433	 450059910.983	   1.000	1864
61217.831434	 450059912.990	   1.000	1864
61217.831436	 450059918.538	   1.000	1864
61217.831437	 450059922.745	   1.000	1864
61217.831438	 450059925.460	   1.000	1864
61217.831440	 450059923.572	   1.000	1864
61217.831441	 450059916.491	   1.000	1864
61217.831442	 450059910.258	   1.000	1864
61217.831444	 450059909.308	   1.000	1864
61217.831445	 450059906.613	   1.000	1864
61217.831446	 450059904.779	   1.000	1864
61217.831448	 450059901.259	   1.000	1864
61217.831449	 450059895.994	   1.000	1864
61217.831450	 450059890.466	   1.000	1864
61217.831452	 450059887.026	   1.000	1864
61217.831453	 450059887.317	   1.000	1864
61217.831454	 450059886.170	   1.000	1864
61217.831456	 450059883.164	   1.000	1864
61217.831457	 450059882.654	   1.000	1864
61217.831458	 450059887.610	   1.000	1864
61217.831460	 450059892.124	   1.000	1864
61217.831461	 450059894.473	   1.000	1864
61217.831462	 450059894.871	   1.000	1864
61217.831464	 450059891.422	   1.000	1864
61217.831465	 450059889.099	   1.000	1864
61217.831467	 450059888.944	   1.000	1864
61217.831468	 450059888.334	   1.000	1864
61217.831469	 450059890.961	   1.000	1864
61217.831471	 450059897.070	   1.000	1864
61217.831472	 450059903.282	   1.000	1864
61217.831473	 450059912.238	   1.000	1864
61217.831475	 450059918.436	   1.000	1864
61217.831476	 450059917.218	   1.000	1864
61217.831477	 450059918.872	   1.000	1864
61217.831479	 450059917.139	   1.000	1864
61217.831480	 450059916.687	   1.000	1864
61217.831481	 450059916.628	   1.000	1864
61217.831483	 450059914.871	   1.000	1864
61217.831484	 450059912.460	   1.000	1864
61217.831485	 450059915.944	   1.000	1864
61217.831487	 450059918.635	   1.000	1864
61217.831488	 450059916.834	   1.000	1864
61217.831489	 450059916.400	   1.000	1864
61217.831491	 450059916.982	   1.000	1864
61217.831492	 450059914.883	   1.000	1864
61217.831494	 450059914.548	   1.000	1864
61217.831495	 450059918.075	   1.000	1864
61217.831496	 450059922.858	   1.000	1864
61217.831498	 450059922.369	   1.000	1864
61217.831499	 450059925.180	   1.000	1864
61217.831500	 450059928.619	   1.000	1864
61217.831502	 450059933.727	   1.000	1864
61217.831503	 450059934.040	   1.000	1864
61217.831504	 450059932.216	   1.000	1864
61217.831506	 450059929.056	   1.000	1864
61217.831507	 450059921.302	   1.000	1864
61217.831508	 450059916.904	   1.000	1864
61217.831510	 450059916.750	   1.000	1864
61217.831511	 450059924.017	   1.000	1864
61217.831512	 450059926.021	   1.000	1864
61217.831514	 450059928.752	   1.000	1864
61217.831515	 450059929.262	   1.000	1864
61217.831516	 450059927.956	   1.000	1864
61217.831518	 450059930.041	   1.000	1864
61217.831519	 450059936.821	   1.000	1864
61217.831520	 450059943.369	   1.000	1864
61217.831522	 450059945.575	   1.000	1864
61217.831523	 450059946.769	   1.000	1864
61217.831525	 450059955.822	   1.000	1864
61217.831526	 450059968.026	   1.000	1864
61217.831527	 450059971.084	   1.000	1864
61217.831529	 450059969.506	   1.000	1864
61217.831530	 450059966.889	   1.000	1864
61217.831531	 450059967.028	   1.000	1864
61217.831533	 450059973.524	   1.000	1864
61217.831534	 450059984.597	   1.000	1864
61217.831535	 450059992.472	   1.000	1864
61217.831537	 450059999.286	   1.000	1864
61217.831538	 450060002.671	   1.000	1864
61217.831539	 450060002.609	   1.000	1864
61217.831541	 450060002.473	   1.000	1864
61217.831542	 450060003.141	   1.000	1864
61217.831543	 450060006.691	   1.000	1864
61217.831545	 450060013.376	   1.000	1864
61217.831546	 450060017.237	   1.000	1864
61217.831547	 450060019.396	   1.000	1864
61217.831549	 450060019.104	   1.000	1864
61217.831550	 450060014.667	   1.000	1864
61217.831551	 450060006.206	   1.000	1864
61217.831553	 450060000.238	   1.000	1864
61217.831554	 450059992.397	   1.000	1864
61217.831556	 450059985.960	   1.000	1864
61217.831557	 450059982.859	   1.000	1864
61217.831558	 450059977.163	   1.000	1864
61217.831560	 450059972.164	   1.000	1864
61217.831561	 450059969.167	   1.000	1864
61217.831562	 450059967.943	   1.000	1864
61217.831564	 450059964.448	   1.000	1864
61217.831565	 450059959.494	   1.000	1864
61217.831566	 450059954.150	   1.000	1864
61217.831568	 450059948.879	   1.000	1864
61217.831569	 450059945.193	   1.000	1864
61217.831570	 450059941.584	   1.000	1864
61217.831572	 450059942.133	   1.000	1864
61217.831573	 450059937.156	   1.000	1864
61217.831574	 450059928.433	   1.000	1864
61217.831576	 450059923.743	   1.000	1864
61217.831577	 450059921.172	   1.000	1864
61217.831578	 450059922.883	   1.000	1864
61217.831580	 450059915.078	   1.000	1864
61217.831581	 450059903.781	   1.000	1864
61217.831583	 450059894.376	   1.000	1864
61217.831584	 450059891.561	   1.000	1864
61217.831585	 450059892.923	   1.000	1864
61217.831587	 450059896.136	   1.000	1864
61217.831588	 450059897.365	   1.000	1864
61217.831589	 450059897.659	   1.000	1864
61217.831591	 450059897.257	   1.000	1864
61217.831592	 450059901.171	   1.000	1864
61217.831593	 450059907.651	   1.000	1864
61217.831595	 450059906.809	   1.000	1864
61217.831596	 450059909.859	   1.000	1864
61217.831597	 450059915.154	   1.000	1864
61217.831599	 450059923.160	   1.000	1864
61217.831600	 450059937.136	   1.000	1864
61217.831601	 450059949.123	   1.000	1864
61217.831603	 450059951.618	   1.000	1864
61217.831604	 450059953.000	   1.000	1864
61217.831605	 450059957.735	   1.000	1864
61217.831607	 450059961.108	   1.000	1864
61217.831608	 450059964.861	   1.000	1864
61217.831609	 450059966.883	   1.000	1864
61217.831611	 450059967.926	   1.000	1864
61217.831612	 450059967.284	   1.000	1864
61217.831614	 450059966.584	   1.000	1864
61217.831615	 450059961.894	   1.000	1864
61217.831616	 450059955.757	   1.000	1864
61217.831618	 450059948.555	   1.000	1864
61217.831619	 450059945.703	   1.000	1864
61217.831620	 450059948.341	   1.000	1864
61217.831622	 450059953.245	   1.000	1864
61217.831623	 450059957.404	   1.000	1864
61217.831624	 450059954.343	   1.000	1864
61217.831626	 450059949.587	   1.000	1864
61217.831627	 450059952.797	   1.000	1864
61217.831628	 450059954.985	   1.000	1864
61217.831630	 450059958.526	   1.000	1864
61217.831631	 450059959.572	   1.000	1864
61217.831632	 450059960.187	   1.000	1864
61217.831634	 450059959.340	   1.000	1864
61217.831635	 450059956.220	   1.000	1864
61217.831636	 450059955.966	   1.000	1864
61217.831638	 450059951.952	   1.000	1864
61217.831639	 450059947.814	   1.000	1864
61217.831640	 450059940.355	   1.000	1864
61217.831642	 450059944.933	   1.000	1864
61217.831643	 450059952.961	   1.000	1864
61217.831645	 450059959.981	   1.000	1864
61217.831646	 450059962.848	   1.000	1864
61217.831647	 450059958.385	   1.000	1864
61217.831649	 450059955.194	   1.000	1864
61217.831650	 450059959.751	   1.000	1864
61217.831651	 450059967.359	   1.000	1864
61217.831653	 450059970.482	   1.000	1864
61217.831654	 450059971.317	   1.000	1864
61217.831655	 450059970.925	   1.000	1864
61217.831657	 450059971.424	   1.000	1864
61217.831658	 450059973.881	   1.000	1864
61217.831659	 450059976.179	   1.000	1864
61217.831661	 450059978.336	   1.000	1864
61217.831662	 450059974.944	   1.000	1864
61217.831663	 450059974.368	   1.000	1864
61217.831665	 450059969.403	   1.000	1864
61217.831666	 450059968.638	   1.000	1864
61217.831667	 450059968.408	   1.000	1864
61217.831669	 450059964.581	   1.000	1864
61217.831670	 450059958.811	   1.000	1864
61217.831671	 450059957.319	   1.000	1864
61217.831673	 450059957.135	   1.000	1864
61217.831674	 450059953.314	   1.000	1864
61217.831676	 450059951.619	   1.000	1864
61217.831677	 450059952.290	   1.000	1864
61217.831678	 450059954.279	   1.000	1864
61217.831680	 450059953.110	   1.000	1864
61217.831681	 450059951.152	   1.000	1864
61217.831682	 450059944.729	   1.000	1864
61217.831684	 450059939.827	   1.000	1864
61217.831685	 450059937.708	   1.000	1864
61217.831686	 450059938.335	   1.000	1864
61217.831688	 450059941.502	   1.000	1864
61217.831689	 450059940.588	   1.000	1864
61217.831690	 450059938.407	   1.000	1864
61217.831692	 450059937.887	   1.000	1864
61217.831693	 450059942.202	   1.000	1864
61217.831694	 450059949.833	   1.000	1864
61217.831696	 450059955.389	   1.000	1864
61217.831697	 450059961.032	   1.000	1864
61217.831698	 450059962.297	   1.000	1864
61217.831700	 450059963.927	   1.000	1864
61217.831701	 450059963.592	   1.000	1864
61217.831703	 450059962.826	   1.000	1864
61217.831704	 450059961.227	   1.000	1864
61217.831705	 450059959.513	   1.000	1864
61217.831707	 450059967.165	   1.000	1864
61217.831708	 450059976.827	   1.000	1864
61217.831709	 450059984.970	   1.000	1864
61217.831711	 450059983.618	   1.000	1864
61217.831712	 450059979.965	   1.000	1864
61217.831713	 450059977.161	   1.000	1864
61217.831715	 450059976.502	   1.000	1864
61217.831716	 450059976.556	   1.000	1864
61217.831717	 450059978.020	   1.000	1864
61217.831719	 450059976.201	   1.000	1864
61217.831720	 450059973.011	   1.000	1864
61217.831721	 450059972.735	   1.000	1864
61217.831723	 450059969.794	   1.000	1864
61217.831724	 450059965.948	   1.000	1864
61217.831725	 450059960.126	   1.000	1864
61217.831727	 450059956.560	   1.000	1864
61217.831728	 450059952.650	   1.000	1864
61217.831729	 450059946.250	   1.000	1864
61217.831731	 450059939.701	   1.000	1864
61217.831732	 450059935.340	   1.000	1864
61217.831734	 450059937.056	   1.000	1864
61217.831735	 450059938.852	   1.000	1864
61217.831736	 450059941.371	   1.000	1864
61217.831738	 450059937.828	   1.000	1864
61217.831739	 450059934.441	   1.000	1864
61217.831740	 450059933.307	   1.000	1864
61217.831742	 450059929.757	   1.000	1864
61217.831743	 450059926.389	   1.000	1864
61217.831744	 450059923.203	   1.000	1864
61217.831746	 450059921.018	   1.000	1864
61217.831747	 450059918.337	   1.000	1864
61217.831748	 450059914.573	   1.000	1864
61217.831750	 450059912.547	   1.000	1864
61217.831751	 450059912.490	   1.000	1864
61217.831752	 450059916.777	   1.000	1864
61217.831754	 450059920.270	   1.000	1864
61217.831755	 450059921.705	   1.000	1864
61217.831756	 450059920.871	   1.000	1864
61217.831758	 450059926.394	   1.000	1864
61217.831759	 450059932.983	   1.000	1864
61217.831760	 450059939.155	   1.000	1864
61217.831762	 450059947.452	   1.000	1864
61217.831763	 450059949.906	   1.000	1864
61217.831765	 450059946.535	   1.000	1864
61217.831766	 450059940.149	   1.000	1864
61217.831767	 450059935.907	   1.000	1864
61217.831769	 450059933.560	   1.000	1864
61217.831770	 450059932.644	   1.000	1864
61217.831771	 450059929.968	   1.000	1864
61217.831773	 450059929.901	   1.000	1864
61217.831774	 450059931.888	   1.000	1864
61217.831775	 450059929.663	   1.000	1864
61217.831777	 450059926.245	   1.000	1864
61217.831778	 450059923.968	   1.000	1864
61217.831779	 450059919.628	   1.000	1864
61217.831781	 450059913.655	   1.000	1864
61217.831782	 450059906.042	   1.000	1864
61217.831783	 450059898.855	   1.000	1864
61217.831785	 450059894.637	   1.000	1864
61217.831786	 450059892.304	   1.000	1864
61217.831787	 450059891.824	   1.000	1864
61217.831789	 450059894.006	   1.000	1864
61217.831790	 450059893.393	   1.000	1864
61217.831792	 450059896.024	   1.000	1864
61217.831793	 450059896.801	   1.000	1864
61217.831794	 450059900.906	   1.000	1864
61217.831796	 450059903.163	   1.000	1864
61217.831797	 450059907.835	   1.000	1864
61217.831798	 450059912.791	   1.000	1864
61217.831800	 450059912.917	   1.000	1864
61217.831801	 450059912.321	   1.000	1864
61217.831802	 450059916.272	   1.000	1864
61217.831804	 450059923.380	   1.000	1864
61217.831805	 450059929.042	   1.000	1864
61217.831806	 450059936.040	   1.000	1864
61217.831808	 450059941.690	   1.000	1864
61217.831809	 450059942.613	   1.000	1864
61217.831810	 450059946.075	   1.000	1864
61217.831812	 450059950.998	   1.000	1864
61217.831813	 450059955.018	   1.000	1864
61217.831814	 450059956.845	   1.000	1864
61217.831816	 450059960.701	   1.000	1864
61217.831817	 450059967.865	   1.000	1864
61217.831818	 450059969.586	   1.000	1864
61217.831820	 450059973.408	   1.000	1864
61217.831821	 450059973.291	   1.000	1864
61217.831823	 450059973.673	   1.000	1864
61217.831824	 450059980.054	   1.000	1864
61217.831825	 450059987.238	   1.000	1864
61217.831827	 450059992.869	   1.000	1864
61217.831828	 450059995.022	   1.000	1864
61217.831829	 450059996.306	   1.000	1864
61217.831831	 450059996.727	   1.000	1864
61217.831832	 450059997.728	   1.000	1864
61217.831833	 450059998.737	   1.000	1864
61217.831835	 450060001.690	   1.000	1864
61217.831836	 450060005.487	   1.000	1864
61217.831837	 450060006.021	   1.000	1864
61217.831839	 450060003.908	   1.000	1864
61217.831840	 450060001.717	   1.000	1864
61217.831841	 450060000.988	   1.000	1864
61217.831843	 450059998.254	   1.000	1864
61217.831844	 450059993.774	   1.000	1864
61217.831845	 450059989.868	   1.000	1864
61217.831847	 450059982.102	   1.000	1864
61217.831848	 450059976.886	   1.000	1864
61217.831849	 450059977.868	   1.000	1864
61217.831851	 450059980.132	   1.000	1864
61217.831852	 450059983.489	   1.000	1864
61217.831854	 450059983.526	   1.000	1864
61217.831855	 450059982.792	   1.000	1864
61217.831856	 450059983.462	   1.000	1864
61217.831858	 450059981.480	   1.000	1864
61217.831859	 450059980.886	   1.000	1864
61217.831860	 450059979.096	   1.000	1864
61217.831862	 450059977.894	   1.000	1864
61217.831863	 450059975.433	   1.000	1864
61217.831864	 450059972.575	   1.000	1864
61217.831866	 450059965.674	   1.000	1864
61217.831867	 450059957.561	   1.000	1864
61217.831868	 450059953.067	   1.000	1864
61217.831870	 450059954.200	   1.000	1864
61217.831871	 450059954.282	   1.000	1864
61217.831872	 450059952.703	   1.000	1864
61217.831874	 450059945.164	   1.000	1864
61217.831875	 450059939.194	   1.000	1864
61217.831876	 450059934.987	   1.000	1864
61217.831878	 450059933.905	   1.000	1864
61217.831879	 450059931.510	   1.000	1864
61217.831881	 450059928.819	   1.000	1864
61217.831882	 450059924.780	   1.000	1864
61217.831883	 450059922.060	   1.000	1864
61217.831885	 450059915.713	   1.000	1864
61217.831886	 450059908.116	   1.000	1864
61217.831887	 450059904.659	   1.000	1864
61217.831889	 450059902.374	   1.000	1864
61217.831890	 450059904.735	   1.000	1864
61217.831891	 450059911.343	   1.000	1864
61217.831893	 450059911.050	   1.000	1864
61217.831894	 450059907.305	   1.000	1864
61217.831895	 450059905.054	   1.000	1864
61217.831897	 450059909.276	   1.000	1864
61217.831898	 450059917.367	   1.000	1864
61217.831899	 450059920.401	   1.000	1864
61217.831901	 450059921.352	   1.000	1864
61217.831902	 450059922.776	   1.000	1864
61217.831903	 450059926.034	   1.000	1864
61217.831905	 450059928.384	   1.000	1864
61217.831906	 450059926.207	   1.000	1864
61217.831907	 450059922.105	   1.000	1864
61217.831909	 450059918.710	   1.000	1864
61217.831910	 450059914.730	   1.000	1864
61217.831912	 450059907.023	   1.000	1864
61217.831913	 450059900.970	   1.000	1864
61217.831914	 450059895.323	   1.000	1864
61217.831916	 450059892.598	   1.000	1864
61217.831917	 450059890.986	   1.000	1864
61217.831918	 450059886.627	   1.000	1864
61217.831920	 450059879.280	   1.000	1864
61217.831921	 450059872.332	   1.000	1864
61217.831922	 450059868.369	   1.000	1864
61217.831924	 450059866.592	   1.000	1864
61217.831925	 450059866.516	   1.000	1864
61217.831926	 450059868.505	   1.000	1864
61217.831928	 450059869.313	   1.000	1864
61217.831929	 450059868.499	   1.000	1864
61217.831930	 450059868.698	   1.000	1864
61217.831932	 450059866.738	   1.000	1864
61217.831933	 450059861.588	   1.000	1864
61217.831934	 450059855.053	   1.000	1864
61217.831936	 450059850.403	   1.000	1864
61217.831937	 450059851.775	   1.000	1864
61217.831938	 450059851.049	   1.000	1864
61217.831940	 450059851.216	   1.000	1864
61217.831941	 450059852.025	   1.000	1864
61217.831943	 450059855.165	   1.000	1864
61217.831944	 450059855.367	   1.000	1864
61217.831945	 450059854.011	   1.000	1864
61217.831947	 450059848.705	   1.000	1864
61217.831948	 450059844.392	   1.000	1864
61217.831949	 450059839.868	   1.000	1864
61217.831951	 450059837.532	   1.000	1864
61217.831952	 450059833.937	   1.000	1864
61217.831953	 450059832.568	   1.000	1864
61217.831955	 450059831.317	   1.000	1864
61217.831956	 450059830.694	   1.000	1864
61217.831957	 450059830.974	   1.000	1864
61217.831959	 450059830.704	   1.000	1864
61217.831960	 450059825.745	   1.000	1864
61217.831961	 450059821.092	   1.000	1864
61217.831963	 450059817.681	   1.000	1864
61217.831964	 450059818.099	   1.000	1864
61217.831965	 450059819.270	   1.000	1864
61217.831967	 450059815.814	   1.000	1864
61217.831968	 450059807.955	   1.000	1864
61217.831970	 450059804.023	   1.000	1864
61217.831971	 450059802.453	   1.000	1864
61217.831972	 450059796.149	   1.000	1864
61217.831974	 450059789.532	   1.000	1864
61217.831975	 450059783.908	   1.000	1864
61217.831976	 450059779.709	   1.000	1864
61217.831978	 450059774.765	   1.000	1864
61217.831979	 450059769.019	   1.000	1864
61217.831980	 450059770.811	   1.000	1864
61217.831982	 450059773.282	   1.000	1864
61217.831983	 450059776.215	   1.000	1864
61217.831984	 450059780.700	   1.000	1864
61217.831986	 450059783.550	   1.000	1864
61217.831987	 450059787.365	   1.000	1864
61217.831988	 450059794.740	   1.000	1864
61217.831990	 450059803.310	   1.000	1864
61217.831991	 450059813.146	   1.000	1864
61217.831992	 450059822.130	   1.000	1864
61217.831994	 450059833.236	   1.000	1864
61217.831995	 450059842.849	   1.000	1864
61217.831996	 450059849.024	   1.000	1864
61217.831998	 450059852.828	   1.000	1864
61217.831999	 450059851.271	   1.000	1864
61217.832001	 450059847.563	   1.000	1864
61217.832002	 450059846.827	   1.000	1864
61217.832003	 450059855.847	   1.000	1864
61217.832005	 450059867.319	   1.000	1864
61217.832006	 450059870.109	   1.000	1864
61217.832007	 450059874.601	   1.000	1864
61217.832009	 450059883.710	   1.000	1864
61217.832010	 450059887.655	   1.000	1864
61217.832011	 450059892.493	   1.000	1864
61217.832013	 450059897.175	   1.000	1864
61217.832014	 450059898.678	   1.000	1864
61217.832015	 450059903.256	   1.000	1864
61217.832017	 450059906.361	   1.000	1864
61217.832018	 450059906.891	   1.000	1864
61217.832019	 450059906.105	   1.000	1864
61217.832021	 450059905.248	   1.000	1864
61217.832022	 450059906.149	   1.000	1864
61217.832023	 450059909.363	   1.000	1864
61217.832025	 450059912.548	   1.000	1864
61217.832026	 450059913.591	   1.000	1864
61217.832027	 450059913.516	   1.000	1864
61217.832029	 450059916.632	   1.000	1864
61217.832030	 450059920.559	   1.000	1864
61217.832032	 450059925.788	   1.000	1864
61217.832033	 450059923.415	   1.000	1864
61217.832034	 450059920.313	   1.000	1864
61217.832036	 450059917.313	   1.000	1864
61217.832037	 450059917.484	   1.000	1864
61217.832038	 450059909.727	   1.000	1864
61217.832040	 450059900.086	   1.000	1864
61217.832041	 450059893.478	   1.000	1864
61217.832042	 450059887.560	   1.000	1864
61217.832044	 450059885.468	   1.000	1864
61217.832045	 450059883.533	   1.000	1864
61217.832046	 450059883.064	   1.000	1864
61217.832048	 450059884.096	   1.000	1864
61217.832049	 450059882.749	   1.000	1864
61217.832050	 450059882.252	   1.000	1864
61217.832052	 450059881.090	   1.000	1864
61217.832053	 450059877.993	   1.000	1864
61217.832054	 450059875.788	   1.000	1864
61217.832056	 450059873.655	   1.000	1864
61217.832057	 450059869.479	   1.000	1864
61217.832058	 450059863.552	   1.000	1864
61217.832060	 450059858.347	   1.000	1864
61217.832061	 450059857.511	   1.000	1864
61217.832063	 450059851.771	   1.000	1864
61217.832064	 450059846.265	   1.000	1864
61217.832065	 450059841.073	   1.000	1864
61217.832067	 450059836.276	   1.000	1864
61217.832068	 450059831.952	   1.000	1864
61217.832069	 450059828.182	   1.000	1864
61217.832071	 450059825.046	   1.000	1864
61217.832072	 450059822.624	   1.000	1864
61217.832073	 450059820.994	   1.000	1864
61217.832075	 450059820.238	   1.000	1864
61217.832076	 450059820.435	   1.000	1864
61217.832077	 450059821.665	   1.000	1864
61217.832079	 450059824.008	   1.000	1864
61217.832080	 450059827.544	   1.000	1864
61217.832081	 450059832.352	   1.000	1864
61217.832083	 450059838.513	   1.000	1864
61217.832084	 450059846.105	   1.000	1864
61217.832085	 450059855.210	   1.000	1864
61217.832087	 450059865.908	   1.000	1864
61217.832088	 450059878.277	   1.000	1864
61217.832090	 450059892.397	   1.000	1864
61217.832091	 450059908.350	   1.000	1864
61217.832092	 450059926.214	   1.000	1864
61217.832094	 450059946.069	   1.000	1864
61217.832095	 450059967.995	   1.000	1864
